15 30
171 172 173 176 177 178 179 180 181 427 426 186 187 188 425 424 423 194 195 376 372 373 374 375 364 363 362 414 416 417
170 169 174 175 429 428 152 151 182 183 184 185 214 189 190 191 192 193 196 377 371 370 369 366 365 360 361 415 343 342
167 168 432 431 430 433 153 150 149 286 285 215 213 212 211 200 199 198 197 378 379 380 368 367 413 359 346 345 344 341
166 434 158 157 156 155 154 450 148 147 146 216 217 209 210 201 289 290 291 410 409 381 382 383 357 358 347 350 351 340
165 160 159 452 439 440 441 449 448 447 145 144 218 208 287 202 11 1 292 411 408 388 387 384 356 418 348 349 352 339
164 161 436 437 438 443 442 444 445 446 451 143 219 207 288 203 12 294 293 412 407 389 386 385 355 354 353 334 335 338
163 162 435 126 127 130 131 132 137 138 141 142 220 206 205 204 13 295 298 299 406 390 404 394 395 396 332 333 336 337
122 123 124 125 128 129 254 133 136 139 140 222 221 279 278 277 14 296 297 300 405 391 392 393 398 397 331 330 329 419
121 120 251 250 243 242 241 134 135 229 224 223 265 266 267 268 15 303 302 301 304 305 306 400 399 401 402 403 328 420
118 119 252 249 244 245 240 231 230 228 225 280 264 79 78 269 16 19 20 23 24 25 307 308 309 310 313 314 327 421
117 116 253 248 247 246 239 232 259 227 226 281 263 80 77 270 17 18 21 22 458 26 27 28 320 311 312 315 326 422
114 115 100 99 98 97 238 233 258 257 260 261 262 81 76 271 272 273 274 59 56 57 58 29 319 318 317 316 325 324
113 112 101 104 105 96 237 234 255 256 284 283 282 82 75 276 67 66 275 60 55 50 49 30 31 32 33 321 322 323
453 111 102 103 106 95 236 235 90 89 86 85 84 83 74 69 68 65 64 61 54 51 48 459 44 43 34 35 36 37
454 110 109 108 107 94 93 92 91 88 87 455 456 457 73 70 71 72 63 62 53 52 47 46 45 42 41 40 39 38
