11 20
984612795 136104497 493289669 914002546 570515011 803016467 21183759 500989970 234453189 938365368 395927405 314842870 994676899 481579444 313325517 352988667 47909373 995267690 396348862 432549266
208299173 686968865 264967918 899926386 562988470 371156397 331561647 104010254 918428698 383443940 109574129 528496495 951044015 82420225 332809045 135159019 381368709 980210649 170872061 614106790
218289401 92304050 816005122 762072444 72369630 900754782 149518682 218189531 143034385 786238965 612663710 421520726 104587763 501891090 46643609 431458424 558348170 770262273 813552563 722477078
137277508 706007283 272342982 822738065 124642322 951704326 333711445 573514351 224097725 878985827 931272879 67885395 27082052 216599048 478012329 957820384 94457908 812388453 733271895 966833063
408936380 973862539 695143125 616244366 692128357 198488981 861950861 72274131 877429917 96719375 913007312 395109369 841580052 911861393 998802473 367973555 557607949 722798279 898624033 558635039
405858092 418185938 873142038 633350843 277107342 743748817 490603741 758959543 879440008 523126482 587267523 704683975 478307127 384372314 736570846 250461153 888786700 276897403 132543403 311958900
513987346 812521989 324015069 261671211 757626222 713479340 366822083 436568345 212477462 956059329 297429688 743847713 577495247 542923311 759394137 305845600 922316886 761776822 20416536 50642129
422970826 209974286 548315335 999397583 629372366 630872880 814239296 605465886 905419536 246991168 728411867 816628127 725596740 841551063 927109280 767093143 356427470 655258150 167082063 452451895
485924760 712021236 425068967 999592544 521015581 455239836 433543838 231971507 290904511 522464320 749009551 729565606 870504561 767394262 717513298 832572348 258942378 367616048 459336904 668732560
308080473 3513035 80707518 27400778 296501622 320660499 393777201 308221954 875986717 54988577 147796231 253681976 398062299 86885734 130985507 785002582 117307114 298405947 509586882 332411099
23726006 568772414 276462056 106779823 636712541 514037212 747912187 243202848 911673086 528365068 667381576 596239474 245616294 912061795 252263778 824365511 883216122 982479800 398258317 323016685
