14 14
6900284 224373411 662049102 114681371 190362694 712435072 442266217 655027402 665571513 243109080 144273679 814804924 4419416 536694762
926530958 123669054 838687940 328511439 707445188 456334396 434687032 586750035 214328452 631916764 31532627 41699045 426711588 189241727
683849528 538993194 757013233 67446480 136632347 563382636 356136582 8735841 193227018 857417940 410383026 434966286 837436297 32612707
558221184 224775083 35753079 494960295 358354572 197579069 486741865 593258220 161760934 583853009 134296523 824846631 44833812 415095418
222123718 920050848 196422571 940451268 290908117 999155543 556738412 706796999 394488723 956894739 787840410 765468131 36636543 674560685
536455436 881398755 428241315 257257839 180968130 828417745 905119187 540204929 524877592 866674517 598591949 578395342 685269625 739441020
45755595 523335634 127999812 480102585 505088029 845383405 15552614 391125866 314040576 26220650 845903156 472863910 513561555 109701768
583072557 910997666 965986487 397910635 583004035 881252667 967492960 216797139 402592101 822822285 972519449 497032067 224648706 420247545
321237353 890376216 912598557 273909673 829624687 101481978 738196970 553949486 286188226 801976990 441683787 170735039 939353219 772663285
929513229 607240684 444995668 489841471 903490539 464821949 520098618 127221414 742219181 730981656 441810923 685342114 195924334 623686536
373136716 5170307 763168627 94348295 599811463 749658312 772524987 669748263 526825119 47159868 497605081 691173333 466114618 824138934
212228530 905531587 748122456 385028808 525517703 653739303 371433508 36603263 36186731 938060285 312902043 733580593 366587237 905161445
654502021 443960436 467879809 904043464 245122708 113506538 240857046 194883355 635742619 271178678 208458239 767081263 126106762 23324136
896104871 13229141 592016763 908991074 838512109 965250642 483672356 394060767 471011124 444893639 781950503 671174401 257994373 989273008
