100 100
9906 1055 1056 1057 1058 1059 1084 1085 1086 1087 1088 1115 1114 1113 1116 1117 1154 1153 1152 1151 1150 1147 1148 1149 1140 1139 1155 1162 1163 1166 1167 1199 1198 1197 1196 1195 1193 1192 1200 1201 1202 6604 6603 6602 6601 6599 6598 6597 6596 6587 6586 6585 6635 6640 6639 6641 6642 6645 6646 6647 6648 6649 6650 6735 6736 4689 4687 4688 4683 4682 4674 4675 4679 4680 4681 4648 4647 4646 6970 6971 6972 6978 4629 4628 4611 4612 4615 4616 4617 4618 4621 4622 4623 4576 4504 4505 4518 4517 4516 4515
9907 1054 1063 1062 1061 1060 1083 1082 1081 1080 1089 1110 1111 1112 9890 1118 1121 1122 1123 1124 1125 1146 1145 1144 1141 1138 1156 1161 1164 1165 1168 1169 1172 1173 1184 1185 1194 1191 1231 1204 1203 6605 1209 1210 1211 6600 6593 6594 6595 6588 6634 6584 6636 6637 6638 6737 6643 6644 6655 6654 6653 6652 6651 4692 4691 4690 4686 4685 4684 4672 4673 4676 4678 4651 4650 4649 6870 4645 6977 6976 6973 4631 4630 6980 4610 4613 4596 4595 4594 4619 4620 4581 4580 4577 4503 4506 4507 4510 4511 4514
9908 1053 1064 1065 9899 9898 9891 9892 1078 1079 1090 1109 1108 1103 1102 1119 1120 1820 1821 1822 1126 1129 1130 1143 1142 1137 1157 1160 1726 1727 1761 1170 1171 1174 1183 1186 1187 1190 1230 1205 1206 1207 1208 9888 1212 1213 6592 6591 6590 6589 6633 6583 6559 6558 6557 6556 6555 6657 6656 6661 4696 4695 4694 4693 6842 3782 3783 6843 6844 4671 4670 4677 4653 4652 6866 6865 6869 4644 4643 6975 6974 4632 4633 6979 4609 4614 4597 4598 4593 4625 4624 4582 4579 4578 4502 4572 4508 4509 4512 4513
9909 1052 9905 1066 1067 9897 9894 9893 1077 1076 1091 1092 1105 1104 1101 1817 1818 1819 1838 1823 1127 1128 1131 1134 1135 1136 1158 1159 1725 1728 1729 1730 1747 1175 1182 9889 1188 1189 1229 1226 1225 1224 1223 9887 1215 1214 6606 6575 6576 6577 6578 6582 6560 6561 6562 6739 6554 6658 6659 6660 4697 4698 6841 3779 3780 3781 3784 3787 3788 4668 4669 4655 4654 6868 6867 6864 6871 6969 4642 4641 4640 4639 4634 4635 4608 4605 4604 4599 4592 4626 4627 4583 4584 4500 4501 4571 4570 4575 4520 4519
9910 1051 9903 9904 1068 9896 9895 9900 1074 1075 2223 1093 1106 1099 1100 1816 1840 1839 1825 1824 1837 1836 1132 1133 1775 1776 1777 1762 1724 1735 1734 1731 1746 1176 1181 1180 1753 1232 1228 1227 1274 1273 1222 1221 1216 1217 6607 6574 6581 6580 6579 6566 6565 6564 6563 6738 6553 6664 6663 6662 4700 4699 6840 3778 3777 7571 3785 3786 3789 4667 6845 4656 4657 6861 6862 6863 6872 6873 6874 6879 6878 4638 4637 4636 4607 4606 4603 4600 4591 4590 4587 4586 4585 4499 4574 4573 4569 4568 4521 4540
9911 1050 9902 9901 1069 1070 1071 1072 1073 2224 2222 1094 1107 1098 1813 1812 1811 1810 1826 1827 1828 1829 1781 1773 1774 1779 1778 1763 1723 1736 1733 1732 1745 1177 1178 1179 1752 1233 1236 1237 1238 1271 1272 1220 1219 1218 6608 6573 6572 6571 6570 6567 6628 6627 6626 6551 6552 6665 6666 6667 4701 4712 3774 3775 3776 3769 3768 7570 3790 4666 4664 4663 4658 6860 6859 6857 6856 6968 6875 6876 6877 6909 6908 6907 6905 6906 4602 4601 6981 4589 4588 6982 6983 4498 4497 4496 4564 4565 4522 4539
9912 1049 1048 1047 1046 1045 2227 2218 2219 2220 2221 1095 1096 1097 1814 1815 1808 1809 1835 1834 1833 1830 1782 1772 1771 1780 1765 1764 1722 1737 1738 1743 1744 1748 1749 1750 1751 1234 1235 1240 1239 1270 1269 1275 1276 6610 6609 6611 6612 6613 6569 6568 6629 6630 6625 6550 6549 6670 6669 6668 4702 4711 3773 3772 3771 3770 3767 3766 3791 3792 4665 4662 4659 6848 6849 6858 6855 6966 6962 6963 6880 6910 6892 6893 6904 6903 6900 6901 4483 4484 4485 4486 6984 6985 4494 4495 4563 4566 4523 4538
9913 9933 9932 9929 9928 1044 1043 2216 2215 2226 2225 1842 1841 1804 1805 1806 1807 1798 1797 1796 1795 1831 1783 1784 1770 1769 1766 1720 1721 1759 1739 1742 1755 1754 1248 1247 1246 1245 1244 1241 1265 1264 1268 9881 1277 1278 1279 6632 6631 6614 6615 6616 6617 6621 6622 6623 6548 6671 6680 4704 4703 4710 4713 4716 4717 4718 6839 3765 3794 3793 3795 4661 4660 6847 6850 6851 6854 6967 6961 6964 6881 6911 6891 6894 6895 6896 6899 6902 4482 4481 4488 4487 4489 6986 4493 4561 4560 4567 4524 4537
9914 9934 9931 9930 9927 1041 1042 2217 2214 1857 1856 1843 1844 1803 1802 1801 1800 1799 1919 1918 1794 1832 1786 1785 2195 1768 1767 1719 1760 1758 1740 1741 1756 1757 1249 1250 1251 1254 1243 1242 1266 1263 1262 9880 9882 9883 1280 6534 6535 6536 6537 6619 6618 6620 6624 6546 6547 6672 6679 4705 4706 4709 4714 4715 6733 4719 4720 3764 3761 3760 3796 6846 3809 3810 3811 6852 6853 6959 6960 6965 6882 6883 6890 6889 6888 6897 6898 4460 4461 4480 4479 4556 4490 4491 4492 4562 4559 4526 4525 4536
9915 9935 9937 9925 9926 1040 1039 1038 2213 1858 1855 2228 1845 1846 1847 1915 1914 1913 1916 1917 1793 1788 1787 2201 2194 2196 2200 1718 1717 1340 1339 1338 1337 1336 1334 1335 1252 1253 1255 1256 1267 1260 1261 9879 9885 9884 1281 6533 6532 6531 6538 6541 6542 6543 6544 6545 6709 6673 6678 6677 4707 4708 6728 6729 6732 6734 4721 3763 3762 3759 3797 3798 3808 7569 3812 6954 6947 6946 6945 6944 6943 6884 6885 6886 6887 6912 4458 4459 4462 4463 4478 4555 4554 4549 4548 4557 4558 4527 4534 4535
9916 9936 9923 9924 1032 1033 1036 1037 1860 1859 1854 1853 1852 1851 1848 1910 1911 1912 2210 1920 1792 1789 2191 2192 2193 2197 1714 1715 1716 1341 1342 1349 1348 1347 1333 1332 1331 9869 9870 1257 1258 1259 9878 1293 1292 1291 1282 1283 6529 6530 6539 6540 6700 6699 6701 6702 6708 6674 6675 6676 6681 6726 6727 6730 6731 4723 4722 3756 3757 3758 3802 3799 3807 3806 3813 6953 6948 6949 6958 3834 3835 3836 6918 6919 6914 6913 4457 4470 4469 4464 4476 4475 4551 4550 4547 4546 4545 4528 4533 4532
9917 9918 9919 1030 1031 1034 1035 1862 1861 1902 1901 1900 1899 1850 1849 1909 2208 2209 1922 1921 1791 1790 2184 2183 2199 2198 1713 1712 1711 2229 1343 1344 1345 1346 9868 1329 1330 9872 9871 1300 1299 1298 1297 1294 1482 1290 9886 1284 6528 6527 6526 6695 6694 6698 6706 6703 6686 6685 6684 6683 6682 6725 4735 4734 4733 4724 6838 3755 3754 3803 3801 3800 3804 3805 3814 6952 6951 6950 6957 3833 3832 3837 6917 6916 6915 6942 4456 4471 4468 4465 4477 4474 4552 4553 4406 4405 4404 4529 4530 4531
9922 9921 9920 1029 2025 2022 2021 1863 1864 1903 1906 1897 1898 1893 1892 1908 2207 2206 1923 1924 2187 2186 2185 2182 2181 2147 2148 2149 1710 2230 1357 1356 1355 1350 1327 1328 9876 9873 1302 1301 9851 9850 1296 1295 1481 1289 1286 1285 6740 6741 6525 6696 6693 6707 6705 6704 6687 6711 6712 6713 6723 6724 4736 4737 4732 4725 4726 3752 3753 3727 3726 3725 3817 3816 3815 6955 6956 3826 3827 7568 3831 3838 3839 6920 6921 6941 4455 4454 4467 4466 4472 4473 4409 4408 4407 4431 4403 4402 4544 4541
1025 1026 1027 1028 2024 2023 2020 2019 1865 1904 1905 1896 1895 1894 1891 1890 1889 1888 1926 1925 2188 2190 2143 2144 2145 2146 2151 2150 1709 2231 1358 9859 1354 1351 1326 1325 9875 9874 1303 9847 9848 9849 9840 1479 1480 1288 1287 6521 6522 6523 6524 6697 6692 6691 6690 6689 6688 6710 6715 6714 6722 4740 4739 4738 4731 6837 4727 3751 7572 3728 3731 3724 3818 3821 3822 3823 3824 3825 3828 3829 3830 3845 3840 3841 6922 6923 6940 4453 4443 4442 4441 6987 4410 4411 4428 4429 4430 4401 4543 4542
1024 2030 2029 2026 2013 2014 2015 2018 1866 1875 1876 1877 1907 1881 1882 2211 1886 1887 1927 1928 2189 2141 2142 2179 2154 2153 2152 1707 1708 2232 1359 9858 1353 1352 9857 1324 9877 1305 1304 9846 9843 9842 9841 1478 1483 1484 6520 6519 6518 6517 6516 6515 6514 6513 6512 6511 6510 6507 6506 6716 6717 4741 4750 4751 4730 4729 4728 3750 7573 3729 3730 3723 3819 3820 3896 3897 3898 3902 3888 3885 3886 3844 3843 3842 6925 6924 4451 4452 4444 4439 4440 4414 4413 4412 4427 4426 4425 4400 4397 4396
1023 1022 2028 2027 2012 2011 2016 2017 1867 1874 1873 1878 1879 1880 1883 1884 1885 1931 1930 1929 2139 2140 2180 2178 2155 1698 1699 1706 1705 1361 1360 1417 1418 1419 1420 1323 1322 1306 1307 9845 9844 1475 1476 1477 9836 1485 1488 1489 1490 1491 6742 6749 6748 6750 6751 6789 6509 6508 6505 6719 6718 4742 4749 4748 4747 4752 4753 3749 7574 7575 3732 3722 3721 3720 3895 3900 3899 3901 3889 3884 3887 3846 3847 6927 6926 6939 4450 4446 4445 4438 4437 4415 4416 4419 4420 4421 4424 4399 4398 4395
9938 1021 1020 1019 1018 2010 2009 2008 1868 2212 1872 2046 2047 2050 2051 2052 2053 1932 2138 2137 2136 2135 2134 2157 2156 1697 1700 1703 1704 1362 9860 1416 1425 1424 1421 1317 1318 1321 1308 1470 1471 1474 9837 9833 9834 1486 1487 9838 9839 1492 6743 6744 6747 6792 6752 6786 6787 6788 6504 6720 6721 4743 4744 4745 4746 4754 3747 3748 7576 3734 3733 7577 7578 3719 3894 3893 3892 3891 3890 3883 3882 3849 3848 6928 6929 6938 4449 4447 4448 4374 4375 4376 4417 4418 4436 4422 4423 4432 4435 4394
9939 1014 1015 1016 1017 2003 2004 2007 1869 1870 1871 2045 2048 2049 2054 1941 1940 1933 2129 2130 2131 2132 2133 2158 1695 1696 1701 1702 2233 1363 1364 1415 1426 1423 1422 1316 1319 1320 1309 1469 1472 1473 9831 9832 9835 9826 9825 1495 1494 1493 6764 6745 6746 6754 6753 6785 6780 6779 6503 6502 6501 6793 6794 6795 4756 4755 3746 3743 3742 3735 3736 3716 3717 3718 3903 3917 3913 3912 3878 3879 3880 3850 6936 6937 6930 6931 4364 4365 4366 4373 6998 4377 4378 4379 4380 4381 4382 4433 4434 4393
1012 1013 1979 1978 2001 2002 2005 2006 2031 2055 2043 2044 1959 1958 1943 1942 1939 1934 2128 2175 2174 2173 2160 2159 1694 1693 2235 2234 1367 1366 1365 1414 1427 1428 1429 1315 1314 1311 1310 1468 1467 1466 9830 9829 9828 9827 1497 1496 6762 6763 6758 6757 6756 6755 6790 6784 6781 6778 6777 6499 6500 6805 6797 6796 4757 4758 3745 3744 3741 3740 3737 3715 3712 3711 3904 3915 3914 3911 3877 3876 3881 3851 6935 6934 6933 6932 4363 4362 4367 4372 4371 6988 4243 4242 4241 4240 4383 4384 4385 4386
1011 1983 1980 1977 2040 2039 2034 2033 2032 2041 2042 1961 1960 1957 1944 1945 1938 1935 2127 2124 2123 2172 2161 2162 2165 1692 2236 2239 1368 1369 9861 1413 1412 1411 1430 1431 1313 1312 1448 1449 9852 1465 1464 1463 1462 1461 1498 1499 6761 6760 6759 6479 6480 6765 6766 6783 6782 6775 6776 6498 6806 6804 6798 6799 6800 4759 6821 6822 6823 3739 3738 3714 3713 3710 3905 3916 3909 3910 3918 3875 3874 3852 3853 3856 3857 3858 6999 4361 4368 4369 4370 6989 4244 4272 4271 4239 4238 4237 4388 4387
1010 1982 1981 1976 1975 2038 2035 2036 1965 1964 1963 1962 2056 1956 1955 1946 1937 1936 2126 2125 2122 2171 2166 2163 2164 1691 2237 2238 2240 1370 1371 9862 9863 1410 1409 1432 1433 9855 1447 1450 1451 1452 9853 9854 1459 1460 9824 1500 1501 1502 6477 6478 6481 6768 6767 6772 6773 6774 6495 6496 4771 4770 4769 6802 6801 4760 6820 6819 6818 6829 6834 6833 3708 3709 3906 3907 3908 3919 3871 3872 3873 7565 3854 3855 3862 3859 4359 4360 6995 6994 6991 6990 4245 4268 4269 4270 4235 4236 4389 4390
1009 1984 1985 1999 1974 1973 1972 2037 1966 1967 859 858 857 2057 1954 1947 1948 1949 2202 2120 2121 2170 2167 1688 1689 1690 1380 1379 1376 1375 1372 1403 1404 1405 1408 1435 1434 1445 1446 1557 1556 1453 1454 1455 1458 1522 1519 1518 1517 1503 6476 6475 6482 6769 6770 6771 6791 6493 6494 6497 4772 4773 4768 6803 4762 4761 6824 6828 6817 6830 6831 6832 3707 3926 3925 3924 3923 3920 3870 3869 7567 7566 3864 3863 3861 3860 4280 4279 6996 6993 6992 6997 4246 4267 4266 4265 4234 4233 4232 4391
1008 2000 1986 1987 1988 1989 1971 1970 1969 1968 860 855 856 2058 1953 1952 1951 1950 2118 2119 2176 2169 2168 1687 2244 2241 1381 1378 1377 1374 1373 1402 1401 1406 1407 1436 9856 1444 1443 1442 1549 1550 1551 1456 1457 1521 1520 1515 1516 1504 1505 6474 6483 6484 6485 6490 6491 6492 4777 4776 4775 4774 4767 4764 4763 6826 6825 6827 6816 3703 3704 3705 3706 3927 3928 4350 3922 3921 4351 3868 3867 3866 3865 4300 4285 4284 4281 4278 4277 4276 4275 4248 4247 4254 4255 4256 4257 4264 4231 4392
1007 1006 1005 1004 1003 1990 1991 1992 863 862 861 854 2097 2059 2205 2063 2064 2203 2117 2116 2115 2114 2177 1686 2243 2242 1382 1383 9867 9866 9865 9864 1400 1575 1576 1437 1438 1439 1440 1441 1548 1547 1552 1553 1554 1523 9823 1514 1512 1513 1506 6473 4796 4795 6486 6489 4780 4779 4778 3672 3673 3674 4766 4765 6811 6812 6813 6814 6815 3702 3936 3934 3935 3930 3929 4349 4314 4313 4304 4303 4302 4301 4296 4297 4286 4283 4282 4357 4358 4163 4164 4249 4273 4253 4260 4259 4258 4263 4229 4228
9940 999 1000 1001 1002 1997 1996 1993 864 865 912 853 2096 2060 2061 2062 2065 2204 2101 2102 2103 2113 2112 1685 2245 2248 2249 1384 1387 1388 1389 1390 1399 1574 1577 1578 1579 1580 1581 1558 1545 1546 1541 1540 1555 1524 1525 6468 1511 1508 1507 4798 4797 4794 6487 6488 4781 4782 3670 3671 3999 3675 3676 6810 3682 3683 3684 6836 6835 3701 3700 3933 3932 3931 3940 3941 4315 4312 4305 4306 4344 4345 4295 4298 4287 4288 4355 4356 4161 4162 4165 4250 4251 4252 4261 4262 4220 4221 4230 4227
997 998 9944 9941 873 872 1995 1994 1998 866 911 852 2095 2073 2072 2071 2066 2099 2100 2108 2104 2110 2111 1684 2246 2247 2250 1385 1386 1671 1392 1391 1398 1573 1564 1563 1562 1561 1560 1559 1544 1543 1542 1539 1528 1527 1526 6467 1510 1509 6471 4799 4806 4793 4792 4791 6807 4783 3669 3668 3998 4000 3677 3678 3681 4005 3685 3686 3687 7579 3699 3698 3937 3938 3939 3942 4316 4311 4310 4307 4343 4346 4294 4299 4290 4289 4354 4159 4160 4167 4166 4274 4215 4216 4217 4218 4219 4222 4223 4226
996 9947 9943 9942 874 871 870 869 868 867 910 851 850 2074 2075 2070 2067 2098 2107 2106 2105 816 815 1683 1682 1681 1674 1673 1672 1670 1393 1396 1397 1572 1565 1566 1595 1596 1597 1598 1599 1536 1537 1538 1529 4840 4839 4838 4837 6469 6470 4800 4805 4804 4807 4790 6808 4784 6809 3667 3997 3996 3995 3679 3680 3986 3985 4006 3688 7580 7583 3697 3696 7562 7563 3943 4317 4318 4309 4308 4342 4347 4293 4292 4291 4352 4353 4158 4157 4168 4169 4170 4214 4213 4210 4209 7004 7003 4224 4225
995 994 9945 9946 875 876 977 906 907 908 909 848 849 2094 2076 2069 2068 823 822 821 2109 817 814 813 1679 1680 1675 9817 9818 1669 1394 1395 1582 1571 1570 1567 1594 1620 1619 1621 1600 1535 1534 1531 1530 4841 4842 4843 4836 4835 4834 4801 4802 4803 4808 4789 4788 4785 3665 3666 3655 3654 3992 3993 3994 3987 3984 3983 3689 7581 7582 7584 3695 7561 7564 3944 4337 4319 4339 4340 4341 4348 4043 4044 4045 4046 4053 4054 4156 4155 4154 4171 4172 4212 4211 4208 4207 7002 7001 7000
992 993 880 879 878 877 978 905 975 974 913 847 2092 2093 2077 2080 2081 824 825 820 819 818 9956 812 1678 1677 1676 9816 1657 1658 1663 1664 1583 1584 1569 1568 1593 1592 1618 1622 1601 1604 1533 1532 4845 4844 4827 4828 4829 4830 4831 6472 4811 4810 4809 6179 4787 4786 3664 3657 3656 3653 3991 3990 3989 3988 4001 3982 3690 3691 3692 3693 3694 7560 3946 3945 4336 4320 4025 4026 4027 4028 4042 4041 4048 4047 4052 4055 4056 4152 4153 4174 4173 4175 4176 7479 4206 4205 4204 7005
991 882 881 989 980 979 903 904 972 973 914 846 2091 2090 2078 2079 2082 2088 826 827 828 9954 9955 811 810 2251 2252 2253 1656 1659 1662 1665 1668 1585 1588 1589 1590 1591 1617 1623 1602 1603 5027 4847 4846 4851 4826 4825 4824 4823 4832 4813 4812 5865 5864 5860 5859 5858 3663 3658 5815 3652 3651 3650 3649 3648 4002 3966 3967 3968 3969 3981 3949 3948 3947 4338 4335 4321 4024 4023 4030 4029 4031 4040 4049 4050 4051 7559 4057 4151 4150 4149 4183 4182 4177 4178 4201 4202 4203 7006
884 883 990 988 981 984 902 901 971 976 915 845 844 843 842 2089 2083 2087 831 830 829 9953 9957 9960 809 808 2255 2254 1655 1660 1661 1666 1667 1586 1587 9821 9822 1628 1616 1624 1625 1605 5026 4848 4849 4850 4852 4820 4821 4822 4833 4814 5867 5866 5863 5861 5862 5857 3662 3659 5810 5811 5812 5813 5814 3647 4003 3965 3980 3979 3970 3971 3950 3951 3952 4333 4334 4322 4325 4022 4021 4020 4032 4039 4038 4037 4060 4059 4058 7482 7527 4148 4147 4181 4180 4179 4200 4199 7008 7007
885 888 889 890 982 983 985 900 970 969 916 917 918 919 841 840 2084 2086 832 9962 9961 9952 9958 9959 806 807 2256 9815 1654 1653 1648 1647 1636 1635 9819 9820 1630 1629 1615 1626 1607 1606 5025 4858 4857 6466 4853 4819 4818 4817 4816 4815 5868 5869 5853 5854 5855 5856 3661 3660 5809 5808 5807 5804 5803 3646 4004 3964 3963 3978 3977 3972 3973 3954 3953 4330 4329 4323 4324 4328 4018 4019 4033 4034 4035 4036 4061 7500 7499 7483 7484 7526 4146 4184 4185 4186 7480 4198 7009 7010
886 887 952 891 892 987 986 899 898 926 925 924 921 920 967 839 2085 834 833 9949 9950 9951 803 804 805 2262 2257 2258 2273 1652 1649 1646 1637 1634 1633 1632 1631 4957 1614 1627 1608 5028 5024 4859 4856 4855 4854 4865 4866 4867 6177 5872 5871 5870 5852 6180 5828 5827 6182 6186 5816 6189 5806 5805 5802 3645 3624 3623 3962 3961 3976 3975 3974 3955 4332 4331 4011 4012 4326 4327 4017 7557 7553 7554 7555 7556 4062 4063 7495 7496 7485 7525 4145 4189 4188 4187 4196 4197 7038 7011
317 316 951 950 893 894 895 896 897 927 960 923 922 965 966 838 837 835 836 799 800 801 802 2266 2265 2261 2260 2259 2272 1651 1650 1645 1638 1639 4946 4945 4953 4954 1613 1610 1609 5022 5023 4860 4861 4862 4863 4864 4871 4868 6176 5873 5874 6178 5851 5830 5829 5826 6183 6185 5817 5818 6188 5800 5801 3644 3625 3622 3621 3960 3959 3958 3957 3956 4008 4009 4010 4013 4014 4015 4016 7551 7552 7544 7543 7542 4065 4064 7494 7497 7486 4143 4144 4190 4193 4194 4195 7036 7037 7012
318 315 314 940 939 938 937 934 933 928 959 961 962 964 262 261 9948 257 256 798 795 794 2268 2267 2264 2263 740 739 2274 2275 2289 1644 1641 1640 4947 4944 4956 4955 1612 1611 5021 5020 5017 5016 5015 4878 4877 4876 4870 4869 6175 5876 5875 5849 5850 5831 5832 5825 6184 5821 5820 5819 6187 5799 5798 3643 3626 3627 3620 4007 3614 3613 3610 3609 3608 3605 3604 3593 3592 3591 3590 7547 7546 7545 7558 7541 4066 7501 7493 7498 7487 4142 7481 4191 4192 7040 7034 7035 7014 7013
319 10022 313 941 942 946 936 935 932 929 958 957 963 264 263 260 259 258 255 797 796 793 2269 2270 2271 742 741 738 9814 2276 2288 1643 1642 4952 4948 4943 4938 4937 4970 4971 4972 5019 5018 4977 4978 4879 4880 4875 4872 5881 5880 5877 6170 5848 6181 5834 5833 5824 5823 5822 6043 6044 5795 5796 5797 3642 3641 3628 3619 3616 3615 3612 3611 6305 3607 3606 3603 3594 7593 7592 3589 7548 7549 7538 7539 7540 4067 7502 7492 7491 7488 4141 4138 4137 4134 4133 7033 7039 7015 7024
320 311 312 944 943 945 947 948 931 930 968 956 266 265 270 271 413 412 254 253 790 791 746 745 744 743 736 737 2278 2277 2287 2290 2291 4951 4949 4942 4939 4936 4935 5029 4973 4974 4975 4976 4979 4986 4881 4874 4873 5882 5879 5878 6169 5847 5836 5835 6036 6037 6050 6041 6042 6045 5794 5793 6190 3639 3640 3629 3618 3617 6223 6222 6224 6225 6226 3601 3602 3595 7590 7591 3588 7550 7536 7537 4070 4069 4068 7503 7504 7490 7489 4140 4139 4136 4135 4132 7032 7017 7016 7023
321 310 309 290 289 288 949 284 283 953 954 955 267 268 269 272 410 411 251 252 789 792 747 748 749 750 735 9812 2279 2286 2285 2284 2292 2293 4950 4941 4940 4969 4934 4933 4932 4931 4930 5014 4980 4985 4882 6173 6174 5883 6167 6166 6168 5846 5837 6034 6035 6038 6039 6040 6049 6046 6047 5792 6191 3638 3637 3630 3631 6219 6220 6221 6270 6228 6227 3600 3599 3596 7589 7588 3587 3586 4073 4072 4071 7521 7518 7517 7505 7515 7514 7513 4125 4126 4127 4131 7031 7018 7025 7022
322 323 308 291 292 287 286 285 282 281 280 277 276 275 274 273 409 249 250 755 754 753 752 751 732 733 734 9811 2280 2281 2282 2283 9810 2294 2295 4958 4959 4960 4961 4962 4963 4968 4929 4928 4981 4984 4883 6172 6171 5884 5885 5886 5844 5845 5838 6033 6027 6026 6025 6024 6021 6020 6048 5791 6192 6310 3636 3635 3632 6218 6217 6216 6269 6229 6234 6235 3598 3597 7585 7586 7587 3585 4074 7523 7522 7520 7519 7516 7506 7507 7508 7512 4124 4129 4128 4130 7030 7019 7020 7021
327 324 307 10023 293 294 295 296 297 391 279 278 416 415 414 407 408 248 761 756 785 786 787 788 731 730 729 9785 9786 9791 9792 9809 9808 9807 2296 2297 2300 2301 4966 4965 4964 4923 4924 4927 4982 4983 4884 4885 4886 6160 6159 5887 5843 5840 5839 6032 6028 6051 6052 6023 6022 6019 6018 5790 6193 6194 6195 3634 3633 6306 6307 6215 6268 6230 6233 6236 6237 6304 3571 3572 3583 3584 4075 7524 4079 4080 4087 4088 4089 7510 7509 7511 4123 4122 4121 4120 7029 7028 7027 7026
326 325 306 305 304 10024 10025 10026 298 385 384 383 392 395 396 406 405 247 760 757 784 723 724 725 726 727 728 9784 9787 9790 9793 9794 9795 9796 9806 2298 2299 2302 4967 4920 4921 4922 4925 4926 4988 4987 4891 4890 4887 6157 6158 5888 5842 5841 6031 6030 6029 6010 6011 6012 6015 6016 6017 5789 5788 5787 6196 6197 6308 6212 6213 6214 6267 6231 6232 6239 6238 3569 3570 3573 3582 7535 4076 4077 4078 4081 4086 4085 4090 4093 4094 4095 7528 7529 4118 4119 4114 4113 7041 7478
328 337 336 338 303 302 301 300 299 386 387 382 393 394 397 417 404 246 759 758 783 722 2342 2341 2340 2339 2338 2337 9788 9789 9805 9799 9798 9797 2306 2305 2304 2303 4918 4919 5012 5013 4993 4992 4989 4893 4892 4889 4888 6156 5890 5889 6074 6001 6002 6003 6004 6009 6008 6013 6014 6070 6053 6071 6072 5786 6199 6198 6309 6210 6209 6265 6266 6271 6241 6240 6247 3568 7595 3574 3581 3580 7126 7125 7462 4082 4083 4084 4091 4092 7534 4096 7531 7530 4117 4116 4115 4112 7042 7477
329 334 335 339 10021 347 348 351 352 353 388 381 380 399 398 418 403 245 762 763 782 721 720 2343 2350 2349 2348 2336 9804 9803 9801 9800 2319 2318 2307 2308 5030 4916 4917 5011 4996 4995 4994 4991 4990 4894 6162 6161 6152 6153 5891 6076 6075 6000 5999 6073 6005 6006 6007 6057 6056 6055 6054 5781 5782 5785 6200 6201 6202 6211 6208 6264 6263 6262 6242 6245 6246 3567 7594 3575 3576 3579 7127 7124 7121 7120 7119 7116 7115 7463 4098 4097 7532 7533 4106 4107 4110 4111 7043 7476
330 333 10017 340 341 346 349 350 355 354 389 390 379 378 400 401 402 244 765 764 769 770 719 2344 2345 2346 2347 2335 2334 2333 9802 2321 2320 2317 2316 2309 5031 4915 4999 4998 4997 5009 5007 5008 4896 4895 6163 6164 6151 6154 5892 6077 6078 6079 5998 5993 5992 6062 6059 6058 6065 6066 6067 5780 5783 5784 5775 5774 6203 6206 6207 6272 6302 6261 6243 6244 6248 3566 3559 3558 3577 3578 7128 7123 7122 7136 7118 7117 7114 7464 4099 4102 4103 4104 4105 4108 4109 7069 7044 7045
331 332 498 497 342 345 489 490 356 373 374 375 376 377 420 419 242 243 766 767 768 771 718 717 716 9782 2351 9783 2331 2332 2323 2322 2481 2480 2315 2310 2311 4914 5000 5001 5002 5003 5006 4898 4897 6147 6146 6149 6150 6155 5893 5898 5899 5900 5997 5994 5991 6061 6060 6063 6064 5973 5972 5779 5778 5777 5776 5773 6204 6205 6300 6273 6301 6260 6259 6303 6249 3565 3560 3557 3556 7460 7129 7137 7133 7134 7111 7112 7113 7465 4100 4101 7087 7086 7072 7071 7066 7067 7068 7046
503 502 499 496 343 344 488 491 357 372 371 10020 367 366 421 422 241 240 779 776 775 772 773 774 715 2353 2352 2329 2330 9813 2324 2477 2478 2479 2314 2313 2312 4913 5010 4909 4908 5004 5005 4899 4900 6148 6145 6144 6143 6142 5894 5897 5902 5901 5996 5995 5987 5986 5985 5984 6068 5974 5971 5967 5968 5969 5970 5772 6299 6276 6275 6274 6256 6257 6258 6251 6250 3564 3561 3562 3555 7459 7130 7131 7132 7135 7110 7109 7467 7466 7475 7089 7088 7085 7073 7076 7065 7070 7048 7047
504 501 500 495 494 493 487 492 358 359 370 369 368 365 424 423 237 238 778 777 780 781 712 713 714 2354 9780 2328 2327 2326 2325 2476 2471 2470 2482 2483 2484 4912 4911 4910 4907 4906 4903 4902 4901 5042 5043 6165 5053 5054 5895 5896 5903 5912 5913 5914 5988 5989 5990 5983 6069 5975 5976 5966 5965 5964 5770 5771 6298 6277 6296 6295 6255 6254 6253 6252 3548 3549 3550 3563 3554 7458 7461 7138 7105 7106 7107 7108 7468 7474 7473 7090 7091 7084 7074 7075 7064 7063 7049 7050
505 506 10010 10006 10005 10004 486 485 484 360 361 362 363 364 425 235 236 239 228 227 226 225 711 710 2356 2355 9779 2457 2458 2459 2460 2475 2472 2469 2487 2486 2485 2492 2493 2494 2495 4905 4904 5037 5038 5041 5044 5051 5052 5055 5056 5905 5904 5911 5910 5915 5916 5917 5918 5982 5981 5980 5977 6099 5962 5963 5769 6280 6279 6278 6297 6288 6289 3542 3543 3546 3547 7244 3551 3552 3553 7141 7140 7139 7104 7103 7102 7101 7469 7470 7471 7472 7092 7083 7082 7077 7060 7061 7062 7051
512 507 10009 10007 10008 10003 10011 10012 483 482 10018 10019 428 427 426 234 233 232 229 230 231 224 708 709 2357 2358 2455 2456 9778 9777 2461 2462 2473 2468 2488 2489 2490 2491 8111 8110 2496 5032 5035 5036 5039 5040 5045 5050 5049 5058 5057 5906 5907 5908 5909 6138 6137 5920 5919 6080 6081 5979 5978 6098 5961 6100 5768 6281 6284 6285 6286 6287 6290 3541 3544 3545 7245 7243 7240 7239 7335 7142 7149 7150 7151 7152 7155 7100 7099 7098 7095 7094 7093 7428 7081 7078 7059 7058 7057 7052
511 508 9999 10000 10001 10002 10015 10013 10014 481 480 430 429 454 443 444 447 219 220 221 222 223 707 2361 2360 2359 2454 2453 2452 9776 9775 2463 2474 2467 8170 8167 8106 8107 8108 8109 2497 5033 5034 5083 5082 5081 5046 5047 5048 5059 6130 6131 6132 6133 6134 6135 6136 5921 5922 6083 6082 5957 5958 5959 5960 6101 5767 6282 6283 5760 5759 6292 6291 3540 7248 7247 7246 7242 7241 7238 7336 7143 7148 7147 7181 7153 7154 7156 7449 7097 7096 7430 7429 7427 7080 7079 7420 7419 7056 7053
510 509 9998 168 169 170 171 10016 175 176 479 431 456 455 442 445 446 218 217 216 215 705 706 2362 2369 2370 2449 2450 2451 2436 2435 2464 2465 2466 8169 8168 8105 8114 8113 8112 2498 5090 5089 5084 5078 5079 5066 5064 5065 5060 6129 6139 6123 6122 6112 6111 6110 6109 5923 6084 6087 5956 6102 5952 5951 5950 5766 5765 5762 5761 5758 5757 6293 3539 7249 7330 7331 7332 7333 7237 7236 7144 7145 7146 7180 7179 7343 7157 7448 7433 7432 7431 7446 7426 7425 7424 7421 7418 7055 7054
513 514 166 167 10043 10044 172 173 174 177 478 432 433 434 441 440 448 453 212 213 214 704 2364 2363 2368 2371 2448 2447 2438 2437 2434 8096 8097 8102 8101 8103 8104 8115 8118 8119 2499 2500 5088 5085 5077 5080 5067 5063 5062 5061 6128 6127 6124 6121 6113 6114 6115 6108 5924 6085 6086 5955 5954 5953 6096 5949 5948 5764 5763 5752 5753 5756 6294 3538 7250 7216 7217 7218 7334 7224 7225 7228 7229 7235 7182 7178 7344 7158 7447 7434 7435 7436 7437 7444 7445 7423 7422 7417 7414 7413
516 515 165 164 10042 10033 10034 10035 10036 178 475 476 477 435 436 439 449 452 211 9966 9963 703 2365 2366 2367 2372 2373 2446 2439 9781 2433 8095 8098 8099 8100 8153 8154 8116 8117 8120 8166 2501 5087 5086 5076 5075 5068 5069 5070 5106 5107 6126 6125 6120 6119 6118 6116 6107 5925 5926 6088 6089 6090 6091 6094 6095 5947 5745 5746 5751 5754 5755 3536 3537 7251 7215 7341 7219 7220 7223 7226 7227 7230 7234 7183 7177 7176 7159 7160 7161 7442 7443 7438 7376 7377 7380 7381 7416 7415 7412
517 518 519 163 10045 10032 10039 10038 10037 179 474 461 460 457 437 438 450 451 210 9965 9964 702 701 700 699 698 2374 2445 2440 2441 2432 8094 8157 8156 8155 8152 8151 8150 8149 8121 8122 2502 2503 5091 5092 5074 5073 5072 5071 5105 5108 5111 5112 5113 5114 5115 6117 6106 6105 5927 5930 5931 5932 6092 6093 5945 5946 5744 5747 5750 3533 3534 3535 7255 7252 7214 7340 7337 7221 7222 7233 7232 7231 7185 7184 7342 7175 7174 7173 7162 7441 7440 7439 7375 7378 7379 7382 7385 7386 7411
520 158 159 162 10046 10031 10030 10029 10040 180 473 462 459 458 205 206 207 208 209 687 688 9967 692 693 9968 697 2375 2444 2443 2442 2431 8093 8092 8091 8158 8141 8142 8143 8148 8147 8123 8165 2504 5094 5093 6463 5101 5102 5103 5104 5109 5110 6398 6399 6400 5116 5117 6140 6104 5928 5929 5934 5933 6097 5943 5944 5742 5743 5748 5749 3532 7259 7256 7254 7253 7213 7339 7338 7208 7207 7204 7203 7202 7186 7187 7188 7191 7192 7172 7163 7164 7165 7373 7374 7369 7368 7383 7384 7387 7388
521 157 160 161 10047 151 150 10028 10041 181 472 463 468 467 204 682 681 680 685 686 689 690 691 694 695 696 2376 2427 2428 2429 2430 8088 8089 8090 8159 8140 8139 8144 8145 8146 8124 2506 2505 5095 6465 6464 5100 6396 6395 6394 6393 6392 6397 6402 6401 5119 5118 6141 5233 5234 5936 5935 5940 5941 5942 6103 5741 5740 3529 3530 3531 7258 7257 7267 7268 7212 7211 7210 7209 7206 7205 7302 7201 7199 7200 7189 7190 7193 7171 7168 7167 7166 7372 7371 7370 7367 7366 7410 7390 7389
522 156 155 154 153 152 149 10027 183 182 469 464 465 466 203 202 683 679 678 2386 2385 2382 2381 2380 2379 2378 2377 2426 8083 8080 8079 8087 8162 8161 8160 8164 8138 8130 8129 8128 8125 2507 6348 5096 5097 5098 5099 6385 6386 6387 6390 6391 6440 6403 5121 5120 5230 5229 5232 5235 5236 5937 5939 5733 5734 5737 5738 5739 3528 7262 7261 7260 7263 7266 7269 7317 7316 7315 7298 7299 7300 7301 7303 7198 7197 7196 7195 7194 7170 7169 7353 7352 7351 7354 7450 7364 7365 7409 7391 7400
523 524 525 526 527 528 148 185 184 471 470 195 196 197 200 201 684 676 677 2387 2384 2383 2424 2425 2411 2410 2409 2408 8082 8081 8078 8077 8163 8065 8064 8063 8137 8131 8135 8127 8126 2508 6347 6346 6345 6349 6379 6378 6377 6388 6389 6438 6439 6404 5122 5123 5231 5228 5227 5226 5237 5938 5731 5732 5735 5736 5725 5724 3527 3524 3523 7329 7264 7265 7270 7318 7274 7275 7297 3484 3483 7305 7304 7306 7307 3466 3465 3464 3463 7345 7346 7347 7350 7355 7356 7363 7407 7408 7392 7399
9994 9993 9995 9996 530 529 147 186 187 188 189 194 193 198 199 128 127 675 674 2388 2389 2421 2420 2419 2412 2413 2406 2407 8084 8085 8086 8076 8075 8066 8173 8062 8136 8132 8133 8134 2510 2509 6342 6343 6344 6350 6380 6381 6376 6435 6436 6437 6406 6405 6442 5124 5125 5126 5127 5225 5238 5239 5730 5729 5728 5727 5726 5723 3526 3525 3522 3521 7328 7327 7271 7272 7273 7276 7296 3485 3482 3481 3480 7313 7308 3467 3470 3471 3462 7452 7451 7348 7349 7358 7357 7362 7406 7394 7393 7398
9991 9992 9997 532 531 145 146 141 140 139 190 191 192 133 132 129 126 672 673 2394 2390 2422 2423 2416 2415 2414 2405 8227 8016 8017 8018 8073 8074 8067 8068 8061 8060 2514 2513 2512 2511 6446 6341 6353 6352 6351 6354 6382 6375 6434 6409 6408 6407 6414 6415 6416 6441 5129 5128 5224 5307 5240 5241 5242 5243 5244 5251 5252 5253 5258 5257 3520 3519 3518 7282 7281 7278 7277 7295 3486 3487 3492 3479 7312 7309 3468 3469 3460 3461 7453 7457 3452 3451 7359 7361 3444 3443 7395 7396 7397
540 539 534 533 563 144 143 142 10048 138 137 136 135 134 131 130 125 671 2393 2392 2391 2395 2396 2417 2418 2403 2404 8228 8015 8226 8019 8072 8071 8070 8069 8172 8059 2515 2516 2517 6452 6447 6340 6337 6336 6445 6355 6383 6374 6433 6410 6411 6412 6413 6418 6417 5131 5130 6311 5223 5306 5308 5309 5314 5246 5245 5250 5342 5254 5255 5256 5259 5722 3517 3516 7280 7279 7291 7292 7293 3488 3491 3478 7311 7310 7314 3472 3459 7455 7454 7456 3453 3450 7360 3446 3445 3442 3441 3440 7401
541 538 535 564 562 570 78 79 10049 10050 10051 10052 10053 10054 10055 10075 124 662 661 660 659 658 2397 2398 2399 2402 8230 8229 8014 8225 8020 8023 8024 8171 8054 8055 8056 8057 8058 2518 6451 6448 6339 6338 6335 6444 6356 6384 6373 6424 6423 6422 6421 6420 6419 5133 5132 6312 5221 5222 5305 5304 5310 5313 5247 5248 5249 5341 5343 5344 5345 5260 5721 3514 3515 7283 7290 7289 7288 7294 3489 3490 3477 3476 3475 3474 3473 3458 3457 3456 3455 3454 3449 3448 3447 7664 7665 7666 3439 7402
542 537 536 565 561 1 77 80 81 82 10068 10069 10058 10057 10056 10074 123 663 668 669 670 657 9673 9674 2400 2401 8011 8012 8013 8224 8021 8022 8025 8026 8053 8174 2524 2523 2520 2519 6450 6449 6460 6459 6334 6333 6357 6371 6372 6425 6426 6429 6430 6431 6432 5134 6314 6313 5220 5301 5302 5303 5311 5312 5315 5338 5339 5340 5346 5263 5262 5261 5720 3513 7325 7284 7285 7286 7287 3495 3494 3493 7602 7603 7604 7634 7633 7635 7636 7648 7649 7650 7651 7662 7661 7660 7667 3437 3438 7403
543 569 568 566 555 556 558 559 560 83 10067 10070 10059 10071 10072 10073 122 664 667 654 655 656 9672 9675 9678 8231 8010 8222 8221 8220 8217 8218 8028 8027 8052 8175 2525 2522 2521 6454 6453 6456 6457 6458 6331 6332 6358 6369 6368 6367 6427 6428 5140 5139 5138 5135 5217 5218 5219 5300 5334 5329 5328 5317 5316 5337 5349 5348 5347 5264 5265 5268 5269 3512 7324 7323 7322 7319 3497 3496 7599 7600 7601 7606 7605 7631 7632 7638 7637 7647 7646 7645 7652 7663 7658 7659 7668 3436 7405 7404
544 545 546 567 554 557 87 86 85 84 10066 10061 10060 116 117 120 121 665 666 653 9671 8238 8237 9676 9677 8232 8009 8223 8005 8004 8216 8219 8029 8030 8051 8176 2526 2527 2528 6455 2532 2533 6462 6461 6330 6360 6359 6370 6365 6366 5143 5142 5141 5162 5137 5136 5216 5299 5298 5297 5296 5330 5327 5318 5319 5279 5278 5277 5276 5275 5266 5267 5270 3511 3510 7326 7321 7320 3498 7597 7598 7626 7625 7607 7629 7630 3394 3395 7639 7640 7674 7644 7653 7654 7657 7670 7669 3435 3434 3433
9987 9988 547 548 553 552 88 99 100 101 10065 10062 114 115 118 119 9969 648 649 652 8240 8239 8236 8235 8234 8233 8008 8007 8006 8003 8215 8214 8213 8031 8050 8049 8048 8047 2529 2530 2531 2534 2535 6328 6329 6361 6362 6363 6364 5145 5144 6318 5160 5161 5163 6315 5215 5214 5213 5294 5295 5331 5326 5321 5320 5280 5418 5416 5417 5274 5273 5272 5271 5419 3509 3502 3501 3500 3499 7596 7627 7623 7624 7608 3391 3392 3393 3396 3397 7641 7642 7643 7673 7655 7656 7671 7672 3421 3422 3432
9986 9989 9990 549 550 551 89 98 103 102 10064 10063 113 641 642 9971 9970 647 650 651 8241 8244 8245 8550 8549 8548 8547 8546 8545 8002 8001 8000 8033 8032 8037 8038 8039 8046 8045 8177 8180 8181 2536 6327 6324 6323 6443 5148 5147 5146 5157 5158 5159 6317 5164 5165 5166 5167 5212 5293 5333 5332 5325 5322 5336 5281 5282 5415 5387 5386 5385 5384 5383 5382 3508 3503 3360 3361 7628 7620 7621 7622 7610 7609 3390 3404 3403 3406 3398 7675 3409 3410 3411 3412 3413 3414 3415 3420 3423 3424
576 575 572 571 92 91 90 97 104 107 108 109 112 640 643 644 645 646 8266 8267 8242 8243 8246 8551 8552 8557 8556 8543 8544 8539 8538 7999 8034 8035 8036 8211 8040 8043 8044 8178 8179 8182 2537 6326 6325 6322 6321 5149 6320 6319 5156 5198 5197 5176 5175 5170 5169 5168 5211 5292 5291 5290 5324 5323 5335 5284 5283 5389 5388 5413 5410 5411 5380 5381 3507 3504 3359 3362 3363 7618 7617 7612 7611 3388 3389 3405 3402 3400 3399 3407 3408 7682 7681 7680 7678 7679 3416 3419 3426 3425
577 574 573 9985 93 94 95 96 105 106 9983 110 111 639 638 637 8269 8268 8265 8252 8251 8250 8247 8581 8553 8554 8555 8542 8541 8540 8537 7998 7997 7996 8212 8210 8041 8042 8203 8201 8202 8183 2538 2539 2542 2543 2544 5150 5151 5154 5155 5199 5196 5177 5174 5171 5208 5209 5210 5350 5351 5289 5288 5287 5286 5285 5405 5390 5414 5408 5409 5412 5379 5420 3506 3505 3358 3357 3364 7619 7614 7613 3386 3387 3158 3157 3156 3401 3152 3151 3150 3149 3148 7683 7677 7676 3417 3418 3427 3428
578 579 580 581 582 583 9980 9979 9978 9982 9972 632 633 634 635 636 8270 8263 8264 8253 8576 8249 8248 8580 8582 8583 8558 8532 8533 8534 8535 8524 8523 7995 7994 8209 8208 8207 8204 8200 8185 8184 8198 2540 2541 7958 2545 2546 5152 5153 5187 5186 5195 5178 5173 5172 5207 5206 5205 5634 5352 5353 5354 5403 5404 5399 5398 5391 5392 5407 5376 5377 5378 5421 5422 3354 3355 3356 3365 3366 7615 3384 3385 7686 3159 3160 3155 3154 3153 7775 7773 7772 3147 7684 7685 3132 3131 3431 3430 3429
9174 9173 9447 9448 9449 584 585 9981 9977 9974 9973 631 630 629 628 625 624 8262 8271 8254 8575 8574 8579 8562 8561 8560 8559 8531 8530 8529 8536 8525 8522 8584 7993 7992 7979 7978 8205 8199 8186 8187 8188 8189 8192 7957 7956 2547 2548 2549 5188 5185 5184 5179 5180 6316 5202 5203 5204 5633 5635 5636 5355 5402 5401 5400 5397 5406 5393 5374 5375 5436 5433 5434 5423 3353 3352 7690 3368 3367 7616 3383 3382 7687 3162 3161 7744 7745 7746 7747 7774 7771 3146 3135 3134 3133 3130 3129 3128 3127
9175 9172 9454 9451 9450 9461 586 587 9976 9975 601 602 603 9984 627 626 623 8261 8272 8255 8577 8573 8572 8563 8567 8568 8571 8497 8498 8528 8527 8526 8521 8520 8519 7991 7980 7977 8206 7973 7972 8194 8193 8190 8191 7959 7955 9680 2551 2550 5189 5192 5183 5182 5181 5200 5201 5511 5510 5509 5508 5507 5356 5357 5360 5361 5396 5395 5394 5373 5372 5371 5432 5435 5424 5425 3351 3350 3369 3377 3376 3378 3381 7688 3163 7743 7742 7724 7723 7748 7749 7750 3145 3136 3137 3138 3139 3124 3125 3126
9176 9171 9453 9452 9455 9460 9462 588 591 592 599 598 604 607 608 609 622 8260 8257 8256 8578 8278 8279 8564 8566 8569 8570 8496 8499 8500 8501 8502 8503 8517 8518 7990 7981 7976 7975 7974 7971 8195 8196 7962 7961 7960 7954 9681 2552 2553 5190 5191 5193 5194 2562 2563 5513 5512 5522 5521 5520 5506 5505 5358 5359 5362 5363 5364 5365 5366 5369 5370 5431 5430 5429 5426 5719 3349 3370 3371 3375 3379 3380 3165 3164 7740 7741 7725 7722 7721 7752 7751 3144 3143 3142 3141 3140 3123 3122 7790
9177 9170 9169 9168 9456 9459 9463 589 590 593 600 597 605 606 611 610 621 8259 8258 8275 8276 8277 8280 8565 8491 8492 8494 8495 8481 8480 8508 8505 8504 8516 7988 7989 7982 8451 8450 7969 7970 8197 7964 7963 8438 7952 7953 9682 9683 2554 2555 2556 2559 2560 2561 2564 5514 5515 5516 5517 5518 5519 5504 5503 5637 5638 5488 5487 5486 5367 5368 5647 5437 5716 5428 5427 5718 3348 3347 3372 3171 3170 7689 3166 7739 7738 7737 7726 7727 7720 7753 7754 7763 7762 7764 7765 7766 7767 3121 3120
9178 9445 9446 9167 9457 9458 9464 9465 9466 594 595 596 9095 9094 612 613 620 619 8273 8274 8285 8284 8281 8489 8490 8493 8484 8483 8482 8479 8507 8506 8514 8515 7987 9679 7983 8448 8449 7968 7967 7966 7965 8436 8437 7951 7950 9691 9684 9685 9686 2557 2558 2569 2568 2565 5534 5533 5531 5532 5523 5500 5501 5502 5639 5490 5489 5484 5485 5644 5645 5646 5438 5715 5714 5713 5448 5449 3346 3373 3172 3169 3168 3167 7734 7735 7736 7776 7728 7719 7756 7755 7760 7761 3111 3112 3113 3114 3115 3116
9179 9164 9165 9166 9159 9158 9473 9472 9467 9468 9489 9490 9096 9093 9092 614 615 618 8288 8287 8286 8283 8282 8488 8487 8486 8485 8607 8608 8478 8509 8512 8513 8585 7986 7985 7984 8447 8446 8443 8442 8441 8439 8435 8434 8699 7949 7948 7947 9688 9687 2572 2571 2570 2567 2566 5535 5529 5530 5525 5524 5499 5498 5641 5640 5491 5492 5483 5642 5643 5478 5477 5439 5442 5443 5717 5447 5450 3345 3374 3173 3174 3175 3176 7733 7732 7731 7730 7729 7718 7757 7758 7759 7768 3110 3109 3108 3119 3118 3117
9180 9163 9162 9161 9160 9157 9156 9471 9470 9469 9488 9098 9097 9116 9091 9090 616 617 8289 8290 8291 8590 8589 8588 8595 8596 8605 8606 8476 8477 8510 8511 8587 8586 8459 8458 8457 8452 8445 8444 8404 8405 8440 8431 8432 7941 7942 7943 7944 9689 9690 2573 5540 5539 5538 5537 5536 5528 5527 5526 5552 5551 5497 5496 5495 5494 5493 5482 5481 5480 5479 5476 5440 5441 5444 5445 5446 5451 3344 3341 3340 3339 3338 3177 3178 3179 7777 7778 7779 7717 7770 7769 7710 7709 7708 7707 3107 3106 3105 3104
9181 9441 9438 9437 9442 9443 9155 9154 9474 9475 9476 9099 9100 9115 9117 9089 9088 9496 9497 8293 8292 8591 8592 8593 8594 8597 8604 8603 8475 8474 8473 8472 8471 8461 8460 8465 8456 8453 8454 8455 8403 8406 8429 8430 8433 7940 7939 7946 7945 7934 7933 2574 2577 2578 2579 2580 5541 5544 5545 5548 5549 5550 5556 5557 5558 5559 5588 5587 5586 5583 5582 5475 5474 5473 5472 5469 5470 5452 3343 3342 7691 7692 3337 7694 3181 3180 7786 7787 7780 7716 7715 7712 7711 3198 3199 7706 7705 7704 3096 3097
9182 9440 9439 9436 9435 9434 9433 9153 9483 9482 9477 9478 9101 9114 9118 9119 9087 9086 9498 8294 8295 8296 8297 8698 8697 8598 8599 8602 8609 8610 8611 8612 8470 8462 8463 8464 8398 8399 8400 8401 8402 8407 8428 8427 8426 8425 7938 7937 7936 7935 7932 2575 2576 9774 2582 2581 5542 5543 5546 5547 5554 5553 5555 5612 5611 5560 5561 5589 5585 5584 5581 5580 5579 5578 5467 5468 5471 5453 3328 3329 3330 7693 3336 3335 3182 7788 7785 7783 7781 7782 7714 7713 7789 3197 3200 3201 3202 7703 3095 3098
9183 9184 9185 9186 9444 9190 9191 9152 9484 9481 9480 9479 9102 9113 9138 9120 9121 9085 9084 9083 9499 9500 8298 8299 8300 8628 8600 8601 8624 8621 8622 8613 8469 8468 8467 8466 8397 8392 8391 9666 9665 8408 8700 8422 8423 8424 8702 8937 8936 7929 7930 7931 2585 2584 2583 5631 5630 5627 5626 2638 2639 2640 2641 5613 5610 5609 5562 5565 5566 5567 5574 5575 5576 5577 5466 5465 5464 5454 3327 3326 3331 3332 3333 3334 3183 3184 3185 7784 3189 3190 3191 3192 3195 3196 3205 3204 3203 3093 3094 3099
9216 9215 9214 9187 9188 9189 9192 9151 9150 9485 9486 9487 9103 9112 9137 9136 9122 9123 9495 9082 9502 9501 8303 8302 8301 8627 8626 8625 8619 8620 8623 8614 8694 8658 8659 8660 8396 8393 8390 8389 9664 8409 8701 8421 8420 8716 8703 8934 8935 7928 7927 2587 2586 2599 2600 2601 5629 5628 2636 2637 2650 2651 2642 2643 2644 5608 5563 5564 5606 5568 5573 5572 5593 5590 5591 5592 5463 5455 5456 3325 3324 7696 7695 3311 3310 3309 3186 3187 3188 3242 3241 3193 3194 7702 3206 3207 3208 3092 3101 3100
9217 9225 9213 9212 9197 9196 9193 9335 9149 9148 9106 9105 9104 9111 9133 9134 9135 9124 9080 9081 8306 8305 8304 8637 8638 8629 8649 8650 8618 8617 8616 8615 8695 8657 8656 8661 8395 8394 8693 8388 9663 8410 8417 8418 8419 8715 8704 8933 8932 8938 7926 2588 2589 2598 2597 2602 2603 5632 2635 9772 2649 2648 2647 2646 2645 5607 5603 5604 5605 5569 5570 5571 5594 5595 2688 2689 5461 5462 5457 5712 3323 3320 3319 3312 3313 3308 3307 3306 3305 3243 3240 3239 7698 3214 3213 3212 3209 3091 3102 3103
9218 9223 9224 9211 9198 9195 9194 9334 9336 9147 9107 9108 9109 9110 9132 9131 9126 9125 9079 9078 8307 8636 8635 8634 8633 8630 8648 8647 8646 8645 8651 8652 8653 8654 8655 8662 8663 8664 8692 8387 8412 8411 8416 8718 8713 8714 8705 8706 8931 8939 7925 9692 2590 2595 2596 2605 2604 2633 2634 9771 2652 5625 5624 5623 5622 5614 5602 5601 5598 5597 5596 2680 2681 2686 2687 2690 5460 5459 5458 5711 3322 3321 3318 3317 3314 3295 3296 3297 3304 3244 3277 3238 3237 3215 3216 3211 3210 3090 3089 3088
9219 9222 9209 9210 9199 9340 9337 9333 9332 9146 9143 9142 9141 9140 9139 9130 9127 9128 9129 9077 8308 8317 8318 8319 8632 8631 8639 8640 8641 8644 8686 8687 8670 8669 8668 8667 8666 8665 8385 8386 8413 8414 8415 8719 8712 8717 8708 8707 8930 8940 7924 7923 2591 2594 2607 2606 9773 2632 2631 9770 2653 2654 2658 2659 2660 5615 5616 5600 5599 2677 2678 2679 2682 2685 9768 2691 2692 5648 5649 5650 5667 5666 5672 3316 3315 3294 3299 3298 3246 3245 3276 3278 3236 7699 3217 3230 3229 3228 3086 3087
9220 9221 9208 9431 9200 9339 9338 9330 9331 9145 9144 9491 9492 9493 9494 9072 9073 9074 9075 9076 8309 8316 8315 8320 8325 8326 8327 8696 8642 8643 8685 8688 8671 8680 8677 8678 8679 8383 8384 9649 9648 9650 9651 8720 8711 8710 8709 8941 8929 7920 7921 7922 2592 2593 2608 2609 2610 2611 2630 2629 2656 2655 2657 2662 2661 5619 5617 5618 2675 2676 2707 2708 2683 2684 9767 9769 2693 5653 5652 5651 5668 5665 5673 5710 3292 3293 3300 3303 3247 3268 3267 3266 3235 7700 3218 3219 3226 3227 3085 7791
9229 9226 9207 9432 9201 9341 9344 9329 9346 9317 9316 9061 9062 9063 9064 9071 9070 9505 9504 9503 8310 8311 8314 8321 8324 9588 8328 8329 8690 8689 8684 8683 8672 8681 8676 8380 8381 8382 9645 9646 9647 9655 9652 8721 8722 8922 8921 8927 8928 7919 7918 7917 7916 7915 9693 9694 9707 2612 2613 2628 2627 2626 9755 2663 2664 5620 2670 2671 2674 2705 2706 2701 2700 2697 2696 2695 2694 5654 5671 5670 5669 5664 5674 5709 3291 3290 3301 3249 3248 3269 3275 3265 3234 7701 3221 3220 3225 3231 3084 3083
9228 9227 9206 9203 9202 9342 9343 9328 9347 9318 9315 9060 9059 9593 9065 9066 9069 9506 9507 9508 9509 8312 8313 8322 8323 9587 9589 8330 8691 8355 8356 8357 8673 8674 8675 8379 8378 9661 9644 9659 9656 9654 9653 9660 8723 8923 8920 8919 8918 8942 8949 8948 8950 7914 9696 9695 9705 9706 2614 2623 2624 2625 9754 9753 2665 5621 2669 2672 2673 2704 2703 2702 2699 2698 5694 5692 5693 5655 5656 5661 5662 5663 5675 3287 3288 3289 3302 3250 3271 3270 3263 3264 3233 3232 3222 3223 3224 2907 2908 3082
9230 9231 9205 9204 9260 9261 9345 9327 9320 9319 9314 9313 9058 9057 9056 9067 9068 9548 9549 9552 9510 9511 9586 9580 9579 9576 9575 8331 8332 8354 9667 8358 8361 8362 8682 8376 8377 9642 9643 9658 9657 8729 8728 8725 8724 8924 8925 8916 8917 8943 8944 8947 7912 7913 9697 9698 2617 2616 2615 2622 9749 9748 9747 9752 2666 2667 2668 9766 9765 2709 5702 5700 5699 5696 5695 5691 5690 5703 5657 5660 5707 5677 5676 3286 3285 7697 3252 3251 3272 3273 3262 3279 3280 3281 2903 2904 2905 2906 2909 2910
9233 9232 9429 9258 9259 9262 9325 9326 9321 9310 9311 9312 9051 9052 9055 9554 9553 9547 9550 9551 9513 9512 9582 9581 9578 9577 9573 9574 8333 8353 8352 8359 8360 8363 8364 8375 9641 9640 9639 9638 9637 8730 8727 8726 8900 8901 8926 8915 8914 8956 8945 8946 7911 9701 9700 9699 2618 2619 2620 2621 9750 9751 9746 9745 9744 9743 9756 9761 9762 2710 2711 5701 5698 5697 2835 2836 5689 5688 5658 5659 5706 5678 5679 5708 3284 3283 3253 3256 3257 3274 3261 2864 2865 2866 2893 2892 7792 2888 2887 2911
9234 9235 9236 9257 9428 9263 9324 9323 9322 9309 9308 9358 9050 9053 9054 9555 9556 9546 9545 9544 9514 9515 9583 9584 9568 9569 9572 8335 8334 9668 8351 8350 8348 8347 8365 8374 8373 8372 9632 9633 9636 8731 8893 8894 8899 8902 8903 8904 8913 8955 8957 8951 7910 9702 9703 9704 7880 7879 9714 9717 9718 9719 9720 9721 9722 9742 9757 9760 9763 2713 2712 2823 2824 2825 2834 2837 2838 5687 5686 5685 5682 5681 5680 2851 2852 3282 3254 3255 3258 3259 3260 2863 7793 2867 2894 2891 2890 2889 2886 2912
9243 9242 9237 9256 9427 9264 9265 9266 9348 9349 9307 9359 9049 9048 9047 9046 9557 9562 9563 9543 9542 9516 9517 9585 9567 9570 9571 8336 9670 9669 8341 8342 8349 8346 8366 8367 8368 8371 9631 9634 9635 8732 8892 8895 8898 8907 8906 8905 8912 8954 8953 8952 7909 7908 7883 7882 7881 7878 9715 9716 9739 9735 9734 9733 9723 9741 9758 9759 9764 2714 2821 2822 2827 2826 2833 7798 2839 2842 2843 5684 5683 5704 5705 2850 2853 2854 2855 2856 2859 2860 2861 2862 2869 2868 2895 2896 2883 2884 2885 2913
9244 9241 9238 9255 9426 9269 9268 9267 9353 9350 9306 9301 9300 9299 9298 9045 9558 9561 9538 9539 9540 9541 9518 9565 9566 9591 9590 8337 8338 8339 8340 8343 8344 8345 9626 9627 8369 8370 8738 8737 9662 8733 8891 8896 8897 8908 8909 8910 8911 8865 8864 7903 7904 7907 7884 7885 7886 7877 2750 2749 9738 9736 9731 9732 9724 9740 2726 2725 2716 2715 2820 2819 2828 2831 2832 7794 2840 2841 2844 2845 2846 2847 2848 2849 3011 3010 3009 2857 2858 3021 3022 2871 2870 2899 2898 2897 2882 2918 2917 2914
9245 9240 9239 9254 9253 9270 9355 9354 9352 9351 9305 9302 9303 9304 9297 9044 9559 9560 9537 9524 9523 9520 9519 9564 9592 8992 8991 8990 9613 9614 9615 9616 9617 9625 9624 8758 8757 8756 8739 8736 8735 8734 8890 8872 8871 8870 8869 8868 8867 8866 8863 7902 7905 7906 9710 7888 7887 7876 2751 2748 2747 9737 9730 9729 9725 2728 2727 2724 2717 7800 7799 2818 2829 2830 7796 7795 2809 2808 2807 2975 2976 2977 3014 3013 3012 3007 3008 3016 3017 3020 3023 2872 2873 2900 2902 2880 2881 2919 2916 2915
9246 9430 9250 9251 9252 9271 9356 9281 9282 9283 9290 9291 9292 9293 9296 9043 9036 9035 9526 9525 9522 9521 8998 8997 8994 8993 9609 8989 8988 9621 9620 9619 9618 9622 9623 8759 8754 8755 8740 8741 8742 8743 8889 8873 8874 8875 8977 8972 8973 8976 8862 7901 7900 9708 9709 7889 7868 7869 2752 2753 2746 2745 2744 9727 9726 2729 2722 2723 2718 7801 7833 2817 2816 2815 7797 2811 2810 7832 2806 2974 2979 2978 3015 2984 2985 3006 3003 3002 3018 3019 3024 3025 2874 2901 2878 2879 3079 2920 2921 2922
9247 9248 9249 9274 9273 9272 9357 9280 9285 9284 9289 9422 9423 9294 9295 9042 9037 9034 9527 9528 9531 9532 8999 8996 8995 9608 9607 8986 8987 8772 8771 8768 8767 8762 8761 8760 8753 9628 9629 8746 8745 8744 8887 8888 8877 8876 8970 8971 8974 8975 8861 7898 7899 7892 7891 7890 7867 7870 7871 2754 2755 2756 2743 9728 2731 2730 2721 2720 2719 7802 7803 7804 7805 2814 2813 2812 7811 7812 2805 2973 2980 2981 2982 2983 2986 3005 3004 3001 3000 2999 3031 3026 2875 2876 2877 3077 3078 3080 3081 2923
9387 9386 9406 9275 9276 9277 9278 9279 9286 9287 9288 9421 9419 9420 9360 9041 9038 9033 9032 9529 9530 9533 9000 9001 9610 9604 9605 8985 8774 8773 8770 8769 8766 8763 8808 8807 8752 8751 9630 8747 8963 8958 8886 8879 8878 8969 8968 8834 8835 8836 8860 7897 7896 7893 9712 9713 7866 7865 7872 7875 2758 2757 2742 2733 2732 7843 2784 2785 7828 7827 7824 7823 7806 7807 7808 7809 7810 7813 2804 2972 3051 3048 3049 3050 2987 2990 2991 3038 2997 2998 3030 3027 3036 3037 2933 2932 2931 2928 2927 2924
9388 9385 9384 9383 9380 9379 9407 9408 9412 9413 9414 9417 9418 9362 9361 9040 9039 9594 9031 9030 9029 9534 9535 9002 9611 9603 9606 8984 8775 8776 8777 8778 8765 8764 8809 8806 8817 8750 8749 8748 8960 8959 8885 8880 8881 8966 8967 8833 8854 8837 8838 8859 7895 7894 9711 7860 7861 7862 7873 7874 2759 2740 2741 2734 7850 7844 2783 2786 2787 7826 7825 7822 7821 7820 7819 7816 7815 7814 2803 2971 2970 3047 3044 3043 2988 2989 2992 3039 2996 3032 3029 3028 3034 2935 2934 3075 2930 2929 2926 2925
9389 9390 9393 9382 9381 9378 9410 9409 9411 9425 9415 9416 9424 9363 9018 9019 9020 9021 9022 9023 9028 9027 9536 9003 9612 9602 8982 8983 8782 8781 8780 8779 8816 8815 8810 8805 8804 8803 8802 8818 8961 8962 8884 8883 8882 8965 8831 8832 8847 8846 8839 8840 8858 7855 7856 7859 7864 7863 2762 2761 2760 2739 2736 2735 7849 7845 2782 2781 2788 2789 2790 2791 2792 7829 7818 7817 7831 2801 2802 2968 2969 3046 3045 3042 3041 3040 2993 2994 2995 3033 2941 2940 3035 2936 3076 3074 3062 3063 3064 3073
9401 9391 9392 9394 9395 9377 9376 9375 9374 9373 9369 9368 9367 9364 9017 9596 9013 9012 9595 9024 9025 9026 9005 9004 9599 9600 8981 8784 8783 8792 8791 8790 8793 8794 8811 8812 8813 8814 8801 8819 8822 8823 8824 8964 8828 8829 8830 8853 8848 8845 8855 8841 8857 7854 7857 7858 2765 2764 2763 2772 2771 2738 2737 7848 7847 7846 2779 2780 7842 7838 7836 7837 2793 7830 2797 2798 2799 2800 2967 2961 2960 2957 2956 2953 2952 2951 2950 2949 2946 2945 2942 2939 2938 2937 3059 3060 3061 3070 3065 3072
9400 9399 9398 9397 9396 9402 9403 9404 9405 9372 9370 9371 9366 9365 9016 9015 9014 9011 9010 9009 9008 9007 9006 9597 9598 9601 8980 8785 8786 8787 8788 8789 8979 8795 8796 8797 8798 8799 8800 8820 8821 8978 8825 8826 8827 8852 8851 8850 8849 8844 8843 8842 8856 7853 7852 7851 2766 2767 2768 2769 2770 2773 2774 2775 2776 2777 2778 7841 7840 7839 7835 7834 2794 2795 2796 2966 2965 2964 2963 2962 2959 2958 2955 2954 3052 3053 3054 2948 2947 2944 2943 3055 3056 3057 3058 3069 3068 3067 3066 3071
