20 25
74 75 76 69 68 67 66 328 327 326 323 324 325 316 315 314 313 293 292 291 290 289 288 331 334
73 72 71 70 84 64 65 58 57 329 320 319 318 317 1 330 312 294 295 298 299 308 287 332 333
77 78 81 82 83 63 544 59 56 55 321 322 48 47 46 251 252 309 296 297 300 301 286 285 335
162 79 80 165 85 62 61 60 443 54 53 50 49 432 249 250 253 310 311 258 259 302 305 284 336
161 160 163 164 86 87 538 444 442 441 52 51 434 433 248 247 254 255 256 257 260 303 304 283 337
158 159 91 90 89 88 537 445 446 440 439 438 435 244 245 246 430 427 428 429 261 307 306 282 281
157 166 92 93 534 533 536 448 447 530 529 437 436 243 242 431 425 426 264 263 262 271 272 273 280
156 167 168 94 535 532 531 449 452 453 454 461 460 459 241 240 424 423 265 266 267 270 420 274 279
155 172 169 95 96 99 100 450 451 486 455 456 457 458 528 239 238 237 236 235 268 269 419 275 278
154 171 170 173 97 98 101 483 482 476 477 478 479 462 463 516 517 518 521 234 233 417 418 276 277
144 143 142 141 174 175 102 484 485 475 472 471 480 481 464 515 514 519 520 524 232 416 421 422 338
145 146 147 140 139 138 103 106 107 474 473 470 467 466 465 525 513 523 522 230 231 346 345 344 339
153 149 148 131 132 137 104 105 108 487 488 469 468 499 500 510 511 225 226 229 415 347 348 343 340
152 150 151 130 133 135 136 110 109 492 489 527 526 498 501 509 512 224 227 228 414 350 349 342 341
126 127 128 129 134 115 114 111 493 491 490 495 496 497 502 508 222 223 377 378 352 351 356 357 358
125 176 121 120 119 116 113 112 494 210 211 506 505 504 503 507 221 379 376 375 353 354 355 360 359
124 123 122 543 118 117 207 206 208 209 212 213 214 215 216 219 220 380 383 374 373 409 362 361 413
177 180 181 542 189 190 191 205 201 200 199 403 398 399 217 218 391 381 382 408 372 371 363 364 412
178 179 182 187 188 541 192 204 202 203 198 404 397 400 401 402 390 389 384 385 407 369 370 365 411
185 184 183 186 540 539 193 194 195 196 197 405 396 395 394 393 392 388 387 386 406 368 367 366 410
