9 19
36646934 755314518 434206424 58532016 495143206 141074651 736696640 550450364 678667791 467433857 429131722 824689901 419278978 457692374 733790428 350328200 148480148 393666764 248889041
438608512 376539342 16306277 515806474 427144040 811401260 808213936 810678485 804753899 784813756 975820818 431043278 155249821 399298817 35443781 334108837 80068474 609135315 278289582
633326782 440525344 292116082 966415117 51238608 77899185 522655681 758874792 671261794 553131101 958595368 483803063 156433795 548130006 747975821 397634918 868449084 664227256 807751598
97424982 873972375 940461245 426181313 98044714 981625325 79580150 965135597 107052760 787674980 990444462 943314827 11091889 193777118 299350393 148004342 189430521 869999634 817203262
337035821 362494375 465763225 818872822 665372335 597757546 115465412 575566789 960961495 752462586 108490528 681508804 454344844 778820228 645378480 592884789 678370054 224146119 178981609
406905977 955376872 450576435 292605693 581437555 516281028 554333193 794221792 949521401 581868490 842606181 328829379 336501969 820143553 855359326 105380857 543176257 993186429 98008542
669037194 529736948 10180295 310289165 22484381 494998694 752645849 868557185 158082292 955841577 611172987 694029852 598904722 680092598 840984436 790022550 258643075 836981401 807394910
784258910 378916956 514522097 996150790 726390417 756929928 66640120 977450830 217251152 508141640 389613550 637084336 152036540 872812854 348384549 780707120 146321340 21093316 368837228
52988462 328242595 697406347 814969757 59890206 117667995 626895901 658500120 837801759 98274964 726877341 83971677 819310788 957990556 882019146 835202343 385366232 69796786 531937830
