100 3
38899402 576765167 384806662
451008172 565731796 165906662
823124534 371031843 514316383
255206632 194954571 687576983
364631300 584081448 806442100
319190462 771571281 455213350
353815629 212007954 989254113
894725177 62553830 675602036
606487046 174420723 673220101
950684557 597894839 134245499
770672617 525687096 665312493
741057267 666523474 961953084
160133220 581681576 673852658
617919896 400655680 984990136
867700803 172523732 238979759
939989814 647264063 841177175
186911952 224905408 476894295
312965975 488812244 817320811
286460387 666182378 70730677
291310925 421118131 407826933
663802463 794111197 277372573
932159736 563796068 52931037
687108191 766129176 724544058
897345018 204223517 965573985
474308541 515354428 864039602
83400134 492801729 257131542
799562502 805009498 759085853
22090883 239167709 434184130
281479446 23544899 285180729
936464337 469386754 790479780
993457161 171668953 67647573
681296626 375014262 691767683
401284584 579535880 220980697
603863837 834085029 416740247
331945130 93039894 277864191
552314979 295691259 269414730
537759480 472573816 164161208
761169854 444562598 128047532
907746832 131125785 908613453
439065641 690584222 757646958
161017871 516875380 679351504
795126053 161875049 784420966
825488225 118469483 761622392
191823369 462432630 293540101
248126528 266169577 634807455
977556454 901026069 877574461
256436446 403712786 258613678
638368111 878489031 977038802
651635868 318410411 36383972
371734447 120087007 306961784
591594181 436703727 547478662
650527510 518679193 201787898
487757899 730479895 432105838
108644470 770588021 38132477
728160085 697076297 72487133
97090787 222592222 766096125
926086129 937417443 722444036
608602754 151619958 340052090
462052951 978386624 179870869
301202599 900022498 854138555
220358509 559955044 852372241
929474692 143879609 306057469
671449325 763010521 168195391
906356244 725881242 780211141
333444035 524326837 253181909
730391566 667685441 605172131
37834256 425264886 3146434
528055660 235564169 679518983
67107424 705228167 291415190
97898729 77504820 448540890
179695823 250407841 658261118
941347140 945269958 838129993
400258541 130352957 867687967
951216500 295351386 474204791
887036693 604078790 97960257
907869883 438777482 604073186
487253789 984693026 175381543
135160815 266733725 198907803
554737868 661947624 714539870
893774012 229381663 331400590
600720567 378390859 705211444
297203665 231813816 694380959
464331918 93527342 180545996
976965778 623699558 61426974
126588979 987204872 742041894
741210120 882762987 974240664
308688985 227299951 516284495
736666931 20363480 760970499
328636994 624874138 948995608
686376071 403537585 842759718
9110751 949995286 556889089
236561878 899521644 194134804
773480420 839364100 162949467
861472558 592760387 435197768
752991059 820627436 728915161
349417630 857393753 55108756
887713307 855700812 411276667
474563110 662119687 392440549
994272156 191673533 134436730
746050836 11654158 557285144
