20 25
925 1130 1245 2040 2827 3712 4187 4848 5729 6311 6733 6995 7986 8537 8630 9116 9390 10302 10514 10810 11406 11521 12045 12627 12813
26880 26073 25125 24869 24414 23893 23243 22804 22627 22005 21958 21064 20812 20280 19735 19004 18249 17398 16538 16201 15416 15247 14972 14175 13378
26966 27103 27422 28341 28753 29320 29874 30422 31280 32177 32815 33088 33486 33736 33852 34689 34830 35179 35412 35870 36619 36724 37519 37998 38528
52593 52039 51506 51308 51246 50496 49496 48518 48360 47680 47174 46763 46104 45432 44956 44542 43635 42923 42601 41930 41259 40602 40411 39603 38899
52989 53593 53725 54606 55365 55654 56184 57097 57328 57870 58121 58526 58624 59583 59630 60434 60608 60764 61484 62022 62793 62986 63034 63933 64082
78969 78076 77176 76910 75937 75752 75215 74231 73668 73089 72879 72598 71933 71819 71661 71065 70427 70285 69445 68453 67505 66611 65764 64952 64448
79934 80606 81090 81922 82322 82616 83173 83744 83840 83958 84056 84528 84697 85103 85217 85893 86832 87600 87860 88352 88949 89931 90111 90308 90842
102147 102080 101788 101374 101004 100253 99401 98835 98652 98070 97533 96655 95973 95854 95783 95404 95060 94749 94212 93219 93019 92541 92178 91468 90955
102993 103602 104151 104205 104319 104717 105590 106417 106607 107048 107468 107593 108327 108715 109527 109827 110071 110190 110658 110745 111714 112359 113319 113879 113964
128224 127732 126846 126018 125869 125183 124972 124466 123820 122952 122084 121323 120430 119897 119602 118789 118378 118141 117818 117528 116867 116567 116251 115793 114849
128435 128551 129389 129711 130336 130906 131051 131421 131896 132749 133177 133919 134135 134825 135196 135957 136359 136694 136728 137148 137931 138650 139344 140118 141016
156150 155379 154714 154422 154332 154191 153443 152544 152231 151495 150659 149777 149025 148660 147846 147246 146441 145605 145177 144910 144097 143685 143031 142538 141944
156624 157423 157769 158115 158935 159077 160020 160680 160979 161817 162006 162512 163512 164115 164930 165630 165979 166795 167672 168097 168257 168449 168466 168739 169301
182621 182340 181967 181569 181537 180624 179776 178908 178601 177698 176984 176523 175717 175222 174564 174248 174238 173977 173446 172698 171949 171424 170906 170237 169647
182911 183651 184534 185354 185641 185892 186477 186586 186771 187638 188456 188750 189639 190615 191613 192229 192353 192484 193371 194182 195049 195782 196076 197046 197247
210338 210222 209280 208479 207874 207304 206357 206138 205911 205353 204945 204748 204066 203871 203796 203181 202208 201948 201073 200655 199810 199095 198460 197774 197667
210716 210754 210997 211562 212037 212615 213510 214062 214067 214239 214469 215097 215978 216074 216963 217583 217825 218111 218544 219075 220027 220136 220314 220409 220598
233600 233342 232723 232376 231996 231168 230768 230660 230445 229976 229862 228899 228595 227679 227296 226792 226596 225627 224719 223938 223226 222966 222605 222035 221110
233685 233822 234776 234897 235248 235725 235991 236311 236529 236562 237216 237320 237446 238131 238852 239076 239822 240181 240708 240800 240925 241864 242468 243203 243529
254580 254259 254202 253400 252460 251665 251659 251640 251137 250225 250055 249665 248916 248910 248266 248141 247572 247318 247057 246379 245969 245519 245115 244601 243763
