100 100
1043 50 805 988 740 165 546 704 867 1343 1115 349 43 280 191 539 7 465 275 460 478 426 960 1464 498 267 1237 249 689 1029 751 137 668 1405 1369 771 1270 1134 1491 16 1459 746 1368 684 1015 1282 346 310 657 1362 1379 1238 245 1376 1307 649 240 1484 141 715 793 634 1030 1217 103 91 612 1446 1253 1082 535 1411 791 161 811 1280 678 373 484 1145 1031 508 116 944 442 913 1318 430 1089 733 309 1074 62 225 966 534 678 1353 79 243
1269 1396 1110 382 673 967 164 930 1168 1175 1175 1415 735 49 519 1364 41 900 670 908 36 362 876 1347 455 1133 860 27 1180 352 348 1450 1221 221 1346 91 36 733 328 493 968 1424 429 284 439 1309 1347 585 1342 553 657 608 337 1454 256 1448 197 516 1161 931 424 1163 928 835 1374 194 1292 837 810 384 1130 1500 942 1438 834 1332 587 994 1201 591 538 1320 224 333 1363 418 633 1095 1492 56 738 294 123 1329 396 836 666 375 699 598
697 569 1449 1295 1297 1202 954 239 371 1465 1189 1431 722 327 660 5 1329 1326 701 1202 1218 114 114 1239 38 361 409 13 1084 167 1411 716 576 379 206 811 1439 1300 355 798 72 391 1040 452 843 546 1085 580 928 945 25 374 964 965 1430 35 1026 1247 818 909 934 87 434 1265 1059 992 517 525 16 576 57 353 1330 827 645 356 305 1242 705 153 1244 463 299 1192 103 624 553 517 338 1147 157 1398 784 1183 889 1037 267 700 206 712
727 170 661 1137 830 1241 1432 1060 235 670 1230 18 167 1081 889 518 1497 734 581 133 1137 1371 367 1478 470 505 1284 282 18 716 496 1458 631 1357 240 869 237 188 278 1063 1097 33 1073 1147 416 119 659 385 170 1069 116 1167 741 783 760 882 171 598 602 1171 501 402 626 215 313 290 748 265 708 1346 975 622 363 210 565 1403 1483 981 655 13 1021 628 533 392 50 1378 1172 202 240 288 218 1202 391 257 754 587 333 1444 776 518
599 662 308 693 345 1101 606 117 209 1346 499 1179 116 1094 1302 180 1305 388 1225 1367 436 949 686 1325 177 698 191 523 1238 1468 651 888 1125 1188 188 117 578 79 511 66 762 855 761 104 70 158 650 310 381 899 1355 351 925 1216 1455 520 866 437 407 313 285 1000 373 773 550 1204 1446 1376 14 391 59 1189 1472 1093 1141 1424 129 1174 1387 481 1319 1147 890 905 872 609 835 1188 1249 1422 1361 659 1153 1187 436 169 1219 154 818 214
1117 750 1249 1235 1421 1184 563 1421 109 277 29 748 677 671 279 94 675 553 314 1355 806 1290 581 600 1309 1016 441 1220 690 1076 1208 925 491 1097 139 1084 778 149 554 1309 1226 562 789 981 188 1313 325 609 509 225 747 1320 49 117 1219 715 494 738 205 402 122 298 710 642 835 1041 1483 1082 278 935 802 1193 1433 992 1438 1066 692 1106 1384 1054 1089 622 278 1473 676 871 711 935 1308 57 1082 996 322 621 199 1029 79 657 1416 704
1278 332 67 445 477 697 1106 409 684 819 606 434 851 78 310 1467 1265 125 559 1474 722 235 1296 559 210 703 706 1172 824 1404 890 538 321 1458 41 522 1129 1489 66 1133 941 1140 1299 801 608 60 829 804 13 1177 117 325 379 182 534 1430 587 356 358 1310 1456 499 1146 577 758 1278 646 615 1186 1333 577 1103 932 1005 803 1318 26 1324 1349 792 92 1338 832 1269 744 1029 871 733 1153 81 129 1059 1389 1277 622 548 1268 257 1320 226
1158 74 1467 220 1293 157 51 478 486 1262 906 906 1317 390 427 600 509 326 944 1005 709 966 1264 560 575 619 1474 521 937 536 1231 1349 447 763 761 791 1254 951 390 289 704 75 1414 1364 128 272 1355 658 1091 25 927 1258 904 260 239 1364 1430 18 230 94 54 1086 1470 837 941 465 92 799 1013 419 382 1011 380 1325 318 178 358 505 430 156 1090 89 1139 186 559 1067 1184 588 227 281 1282 637 807 311 676 887 1332 262 636 1007
697 400 1254 565 1222 583 191 1161 3 1413 469 409 138 721 1294 611 1204 902 304 1470 426 1 914 1084 1462 966 388 308 30 217 162 650 1062 939 1282 1073 46 9 1107 118 92 320 513 984 235 737 835 956 1386 395 424 904 756 280 643 14 1202 1447 332 1050 337 125 289 1365 500 703 1474 998 1378 613 701 1220 182 959 377 194 472 290 285 1219 1271 443 123 503 858 700 280 379 1417 118 1288 371 594 773 104 196 1481 318 641 577
127 1496 1397 1428 847 480 841 1187 1322 168 1415 1099 114 25 1277 1247 1116 304 279 1135 1106 81 64 1230 479 927 251 5 1476 384 1364 324 256 293 47 1253 1041 958 603 1408 170 282 555 524 755 1082 1030 877 255 870 672 4 1018 19 612 282 1317 134 444 1356 513 420 386 819 248 1332 508 481 1403 433 137 892 605 66 336 491 1323 731 837 1012 811 1306 694 233 437 1105 427 586 1164 516 604 535 834 194 197 1168 135 1034 653 354
344 1083 787 301 1016 546 963 1315 1103 796 861 280 420 1444 791 90 999 700 164 1385 100 940 1010 1163 771 851 759 1240 1035 349 206 600 316 690 554 179 1369 1176 1286 52 1084 1445 1090 613 173 353 298 51 800 15 737 409 963 830 1384 1101 246 18 1044 824 242 650 468 685 952 728 179 38 563 269 901 357 865 985 1044 231 950 240 1130 1295 652 214 283 582 69 91 1088 764 832 248 200 441 754 296 1395 314 1162 150 636 1115
1037 37 130 1408 811 1078 1134 572 1222 91 1092 566 1199 1104 1061 3 949 1282 825 102 1245 758 1355 176 1329 1229 284 320 684 958 516 816 385 972 811 1199 953 1026 531 1079 296 233 1499 164 1306 147 856 67 284 1462 150 2 1367 1337 811 706 952 293 25 542 791 40 1202 12 96 66 816 351 1160 1075 1170 1121 1438 1309 915 843 20 969 1322 1330 1019 1344 1261 1091 948 107 1042 274 231 356 570 160 916 1378 1494 599 394 737 1461 115
662 1133 744 57 1061 1362 254 1426 865 590 374 690 999 655 444 1179 587 1175 982 427 243 6 1293 769 648 748 785 488 900 1280 1471 1116 98 465 730 206 1408 917 1115 1391 610 563 577 817 1000 1091 464 326 1390 188 1342 1199 1331 690 1255 425 197 431 371 971 962 1159 706 1265 966 436 1384 666 735 1134 1386 1079 1045 1144 795 1234 867 1088 214 681 1209 434 1337 8 134 60 1224 818 884 940 683 606 1145 644 1376 463 644 1412 180 312
956 296 368 1270 727 1446 217 1054 71 302 894 1372 1481 476 15 419 1177 976 702 704 749 1123 1248 440 935 1050 1184 564 441 1120 281 531 556 1102 837 780 108 700 1366 1254 893 1001 1431 352 1187 1091 340 432 1322 1060 952 144 214 1014 484 1105 399 875 1240 147 600 1052 1100 548 1263 500 1019 1024 104 119 1443 290 247 531 132 1202 276 1116 1299 281 1224 703 114 263 1326 1352 1236 786 235 1406 671 1221 609 120 245 1070 537 336 917 1302
412 456 760 544 350 504 917 943 466 992 1121 1014 1135 1377 1465 505 1180 1426 350 1195 530 77 645 1018 520 1215 122 652 426 1019 689 947 1060 371 696 812 208 597 301 898 502 1477 1157 983 451 135 1236 1128 1044 1466 787 287 1277 483 1426 399 723 222 1493 872 301 1118 1464 226 31 405 1276 87 676 208 649 1316 1369 843 1051 438 1286 585 1289 1005 1388 760 198 1153 485 332 573 1077 733 626 20 1485 1441 940 1264 492 820 920 544 949
534 1291 139 911 65 389 816 533 625 370 238 79 131 12 916 720 96 819 1048 588 816 528 1029 634 827 32 1237 305 1281 1312 736 1054 1049 174 804 1257 1293 77 286 1494 505 630 186 1450 274 894 931 176 1136 1241 1112 490 1085 197 310 722 311 33 814 1339 576 118 158 547 327 1117 6 1499 986 1364 650 1466 908 720 1488 1290 667 910 36 618 522 268 1029 1041 795 419 289 1011 788 905 870 986 1496 67 1218 1394 463 548 1306 1188
1323 371 232 438 1247 734 924 1070 58 870 118 847 775 608 1112 1131 826 682 983 1403 473 254 1073 30 525 703 1439 956 1377 45 1241 1234 701 1479 40 996 1453 725 1499 650 842 7 397 470 753 746 392 1245 45 75 509 1165 932 317 306 1011 650 15 688 6 14 1385 1343 610 680 681 359 328 22 379 627 701 1215 961 763 709 1315 1099 974 269 643 316 724 567 499 657 557 423 18 1173 1239 262 345 187 221 814 1027 133 686 700
881 1411 1183 581 1320 737 827 1337 467 1143 687 1309 987 890 100 1290 453 844 92 270 726 991 1238 310 9 6 799 394 1365 1060 1007 512 1043 118 368 1417 8 1143 1303 138 1289 1292 665 947 233 203 310 1496 1110 848 69 328 1140 396 290 1317 423 381 1338 360 146 922 1421 641 179 853 1104 996 646 1362 245 806 346 89 14 753 1341 433 1380 645 1066 992 433 821 914 1127 1168 752 1353 314 532 782 565 171 1224 740 1236 1355 808 396
1276 313 41 1434 1160 1079 1146 983 964 880 283 1034 502 631 320 83 1404 1431 861 924 812 1240 1251 1353 933 231 133 244 1272 57 1294 1456 993 48 1302 207 1343 83 320 701 726 908 838 383 400 341 325 1346 447 1434 304 79 1271 1348 1167 1216 108 832 267 213 344 95 1297 568 530 57 1347 1352 1016 635 239 428 1109 785 233 219 471 837 259 881 1494 1342 613 1133 682 776 1007 1440 315 83 366 325 219 1125 625 395 392 621 1404 1116
550 838 915 1200 342 1111 284 694 1199 849 1490 1413 908 254 718 1491 914 815 955 1196 1140 647 823 1483 1310 2 444 73 872 1113 777 209 100 896 1418 56 426 1041 468 1421 315 302 243 870 357 372 401 939 795 1377 1097 1357 671 512 1220 1338 284 992 331 884 1378 360 720 854 664 632 1121 31 603 139 529 813 1309 400 486 256 1310 630 543 127 1277 774 873 390 427 711 123 12 1225 204 883 136 316 777 640 1245 854 707 899 435
588 1332 839 1060 993 1265 993 826 1058 137 672 891 130 817 918 1265 80 1349 399 999 1098 855 391 1185 108 1415 1312 315 1098 158 502 469 907 88 131 930 419 716 1099 949 56 1034 86 35 852 1377 1162 1438 25 133 358 779 1115 1152 635 1182 1273 854 162 655 1387 185 412 404 1199 1093 404 1151 1475 811 548 69 1034 441 613 871 26 281 1114 1212 642 821 475 484 412 520 34 644 578 1416 391 144 745 347 566 1390 1355 704 243 1066
187 1424 534 454 53 106 189 1475 3 99 814 367 1251 1326 283 1361 874 162 401 273 316 1228 1102 639 413 852 1417 1099 870 1134 1167 457 653 832 16 164 1449 259 164 360 1443 913 1033 904 460 1425 288 1158 1110 1222 907 10 593 1372 451 740 524 1220 766 135 130 1228 820 1125 1197 1449 1078 1106 141 533 1159 485 432 469 315 1354 277 1086 368 1330 10 1275 412 970 1295 1173 897 695 211 1054 1384 1483 48 932 248 1156 733 1390 461 850
773 650 895 625 1128 1460 418 119 678 1139 671 1249 930 1169 716 794 708 264 30 1424 611 232 935 867 1141 275 1344 1454 1318 527 1202 890 230 712 307 819 394 1141 109 816 682 1032 892 646 23 1336 959 773 1036 95 156 901 1336 171 1478 1054 77 950 208 701 519 1007 1303 1182 445 1012 1136 1371 1181 785 122 116 1075 848 1063 465 881 1394 330 726 475 147 931 374 1133 1442 798 1066 933 645 438 295 1417 1188 252 312 1304 1401 28 1268
1009 293 212 1128 985 144 695 29 82 402 703 247 201 109 1480 722 176 633 1078 497 1316 913 471 983 1180 1351 84 326 284 1345 735 1392 174 198 877 909 1084 686 720 353 583 824 275 999 462 100 471 881 1433 150 921 763 1203 208 556 783 429 564 1072 956 841 232 1119 1047 482 1056 285 1490 89 1499 1093 349 1175 171 888 1293 774 950 577 764 1325 30 167 1069 336 354 1280 1046 134 1437 331 144 659 1252 1282 647 1258 1389 46 1388
38 1363 89 700 751 1456 224 716 498 9 1119 1217 520 644 69 1034 455 1205 460 39 894 1282 733 1000 243 879 876 1079 1432 1341 1201 1 1094 264 438 480 904 863 1047 1496 1053 1492 430 1397 195 1163 1245 262 765 601 684 161 1183 1278 895 1232 1206 44 138 1251 1329 401 23 1037 786 1332 1063 1112 132 453 208 1273 223 270 1278 120 121 1138 788 1399 346 232 376 587 267 80 1295 920 1280 592 830 231 432 750 261 1263 1317 1361 932 143
295 994 265 582 1045 839 807 588 404 1493 243 395 614 497 1372 745 332 1180 607 613 92 221 422 92 435 1036 492 641 1142 890 1280 48 1208 1205 354 1004 121 816 1173 1288 1128 1383 786 303 165 243 452 583 822 988 209 837 927 344 686 373 653 904 990 906 1204 850 390 1368 175 500 501 972 198 774 1405 531 1382 1295 836 997 1356 1263 214 939 250 494 1290 342 63 1066 848 680 182 1287 498 129 1230 1294 963 1195 1479 880 1214 470
279 1306 332 1265 84 1370 445 1052 1058 1247 360 311 579 1380 1212 590 301 575 1187 1161 1408 431 360 975 431 590 285 269 71 1234 640 1494 254 1313 143 88 359 1492 1174 597 573 638 1088 974 1324 1443 44 731 1335 138 990 1321 236 235 166 1334 109 1419 1180 797 1073 1478 747 1292 564 719 1219 161 223 1146 9 341 238 457 906 975 366 25 1244 1055 441 545 852 674 1352 1273 126 117 456 415 1114 956 1121 377 365 751 1308 671 1119 729
643 927 548 1076 775 1485 323 1434 1479 1082 902 399 644 654 1320 437 650 636 1271 659 1400 1431 126 362 1072 527 381 24 1353 1336 1001 1430 127 73 419 547 1457 89 124 686 70 131 1358 542 157 255 412 190 257 804 522 200 1221 1415 1171 1370 581 255 778 998 1166 49 807 381 845 189 886 45 1408 1222 1063 193 1381 1408 925 800 1155 964 746 332 388 59 441 592 52 1096 194 647 137 1133 184 451 838 1440 1429 1393 567 690 942 174
1475 766 460 1209 22 1350 1478 880 1424 984 1143 921 183 1371 940 566 462 1172 1431 1322 569 926 68 355 831 969 984 343 778 171 1167 735 643 759 774 1296 200 202 1141 383 670 145 363 280 293 1466 603 1314 1276 182 404 1243 417 770 683 1295 1014 173 1424 534 833 27 1358 1012 1147 1155 775 85 810 651 1410 615 660 600 187 971 1015 840 234 1003 695 1388 1118 1008 861 558 439 706 537 288 1164 1301 831 976 774 1430 1255 900 894 1181
915 1392 1484 808 850 748 1129 896 590 210 752 1007 1412 302 462 654 423 302 182 557 1204 1103 10 622 375 1292 819 300 158 980 1445 200 121 583 191 96 502 1303 1437 121 1347 1087 532 478 692 839 1416 895 1068 1216 1148 1184 1493 1044 997 1340 1084 341 766 1194 817 682 496 552 958 1220 1117 280 674 953 726 1328 1470 982 851 1468 1358 366 1035 774 460 1499 686 837 806 571 155 1159 1370 370 799 727 918 279 1468 979 851 1339 1253 1421
3 681 1426 119 1355 483 423 833 458 1331 136 526 208 1226 991 1426 618 1268 93 881 945 558 954 847 1008 1251 232 1043 1178 499 1044 434 1132 712 1207 479 668 846 202 295 1168 1432 1349 1046 72 914 733 602 197 497 531 1314 794 1499 793 1318 94 1248 1358 322 284 1177 104 859 210 696 1182 533 847 1142 149 87 482 350 1196 822 806 1217 1084 203 337 714 1480 218 215 520 115 1096 320 218 628 159 1200 1481 637 210 1235 402 1130 148
634 1212 602 718 898 224 1169 1394 1296 791 907 778 1116 1138 298 1433 1268 1000 869 123 707 1494 677 1040 849 272 973 1129 775 1279 1397 98 838 869 118 403 1074 1004 1105 1496 51 1407 1084 1461 602 1097 798 1449 1098 145 151 1203 739 621 726 838 533 312 530 1365 1374 355 644 844 31 1043 571 646 1275 831 486 588 1084 799 50 676 437 85 786 869 664 488 279 779 375 534 1398 130 283 1036 514 527 186 1416 1463 290 1194 723 298 1158
601 714 336 552 614 1013 946 419 491 475 177 346 769 669 247 717 1244 334 1190 463 221 1076 1045 891 1024 738 1247 1112 371 896 709 717 809 940 1447 308 1432 1271 85 191 805 249 687 878 697 392 857 1121 537 473 1405 59 29 2 411 1379 1145 742 1493 509 346 347 785 161 166 426 350 1182 228 1299 45 1065 727 802 495 411 1147 781 1157 863 1174 501 53 1448 1221 1304 759 776 410 259 147 1232 1204 980 751 174 1446 816 178 619
573 1434 271 789 432 637 1263 291 720 758 442 1008 475 208 511 795 489 270 1203 1064 416 993 320 51 139 1244 1019 1412 1081 1023 581 51 501 626 485 129 537 1314 1194 1023 1421 887 591 282 994 904 245 521 767 1031 684 482 942 919 1303 728 1075 1265 145 74 706 906 947 75 386 1039 112 737 400 1398 1045 618 835 879 36 236 1236 714 758 26 731 1331 82 1081 44 778 600 226 873 91 422 769 287 608 1353 1440 970 465 1282 1024
214 82 1017 702 981 148 91 92 1358 231 206 476 848 1053 1469 39 1130 1352 928 913 829 1438 349 537 688 1201 152 349 685 915 433 1351 69 759 695 1159 1014 1100 1310 1242 314 905 957 621 355 9 1262 689 797 237 718 549 1401 43 480 203 861 1308 1116 692 1289 1227 312 1419 303 1260 914 920 160 1365 97 1270 1172 1052 68 1171 704 1225 34 292 9 579 1206 1247 523 930 595 611 243 834 4 1258 321 524 351 985 1244 485 1119 468
236 264 168 1221 46 1278 975 628 180 195 285 97 1388 715 620 1371 226 650 912 1097 717 994 51 213 1198 1007 1357 632 577 586 362 87 461 679 1168 866 377 18 871 1281 593 1071 1061 1219 1249 1324 78 987 792 304 1341 622 1087 522 739 813 48 500 92 1361 186 1325 1127 690 791 207 19 1493 360 1165 1032 908 660 1412 1256 447 583 321 548 921 836 518 491 12 1044 118 38 90 797 1132 668 1020 1164 623 135 208 310 7 1396 628
53 1446 35 1196 545 780 484 286 612 948 1305 851 375 1369 1349 1374 1119 424 73 1031 306 1482 44 997 680 408 236 1360 37 1257 804 1004 375 1013 1089 1232 1389 213 1349 159 236 646 930 169 546 97 926 1278 321 1255 1497 1468 17 1261 624 1468 24 1193 881 1390 1070 763 1463 654 1278 1114 564 1021 1301 840 1464 702 1006 1372 503 1124 43 413 1153 1161 1474 110 1306 411 1330 1108 1383 982 185 1220 1159 684 530 586 925 1300 1187 1083 1246 594
941 801 1452 569 974 1238 915 947 894 1114 42 810 888 793 493 444 184 572 426 286 726 368 178 978 722 765 157 319 1090 1438 919 718 905 602 1199 209 282 568 106 227 1366 1277 52 603 405 802 944 599 1375 306 604 332 1127 208 251 1345 427 922 593 830 1085 53 675 1014 714 153 152 1257 1006 647 34 412 1058 1036 700 977 40 698 183 921 1128 807 384 857 1129 1276 88 20 1348 817 1023 1236 733 1426 638 596 1068 1119 447 45
1061 150 574 1160 1333 1251 1370 758 1329 560 40 508 33 388 187 3 1171 318 416 225 668 490 354 1351 1322 1147 1093 807 526 914 791 567 1373 306 1182 153 910 14 433 1399 392 20 939 817 82 1434 898 1235 778 1168 288 391 1241 749 915 186 58 26 892 151 372 14 716 352 63 12 1052 1468 478 1061 1143 1335 520 876 10 1136 599 930 1085 219 1112 162 1209 656 1184 696 1217 1184 901 1216 87 1331 872 976 533 1391 1147 1017 897 768
1316 753 654 947 998 113 1233 904 500 969 1453 218 1359 388 119 86 1453 269 829 1379 366 1216 435 660 713 1150 54 1494 1125 106 993 1175 522 551 874 1196 1217 800 753 1147 1205 700 1495 146 1436 529 68 564 234 825 1074 1261 970 47 584 403 713 712 1172 330 47 1467 42 1061 262 856 563 316 1314 1483 123 534 855 1275 1376 875 1360 838 883 1313 1154 91 1481 533 365 91 1340 1297 1095 29 33 558 1299 285 1442 1487 1334 302 1469 647
465 178 1407 116 928 100 1187 1427 913 42 375 534 363 193 1249 863 1051 393 276 633 1270 933 1186 648 489 1115 1120 1442 548 788 1295 433 1079 892 353 531 329 876 1198 763 598 1079 328 1377 1014 1051 21 1331 1481 1056 778 206 255 411 991 714 76 1379 235 925 698 1228 408 716 914 141 386 199 1135 840 32 1086 965 896 1199 105 63 1146 192 1466 1373 772 559 204 431 1021 966 1315 358 163 372 835 233 1060 812 1045 1343 866 1158 20
669 368 491 232 219 1403 21 630 197 1279 840 1107 893 630 193 717 1030 1377 403 136 981 908 867 1425 1369 525 1263 1347 1349 185 893 939 165 1082 727 1331 970 1063 1273 261 84 1099 460 915 1371 226 1194 905 1159 273 1334 1258 1009 268 345 776 1479 787 1140 449 120 1398 56 537 46 1231 50 800 1358 217 402 365 535 1484 505 1331 397 1113 1019 234 1127 725 381 1060 588 552 851 22 518 886 134 443 462 346 1401 148 466 1462 197 373
893 1484 571 1193 859 1444 395 748 397 198 342 1170 529 833 697 251 532 436 453 193 502 892 392 1007 359 15 448 216 1316 1087 19 553 1409 611 187 697 52 1038 756 323 374 1241 1251 1399 1176 740 46 1071 1472 1188 1296 172 128 555 779 1251 1333 201 590 1066 1333 651 530 756 378 1273 1080 894 676 1359 599 964 1 993 1219 1237 566 1257 1210 877 866 15 1178 91 688 941 226 1075 115 562 320 1357 948 794 1229 1384 1151 1260 621 144
920 118 411 474 618 1319 1172 1230 649 845 953 803 1084 560 1427 814 235 1322 653 2 564 1066 1247 1236 1452 990 1077 758 454 1484 313 1066 531 1473 386 825 880 1333 156 1433 1258 1218 60 342 642 847 242 1440 821 1475 180 376 1088 358 823 576 688 359 1227 599 629 513 1254 503 817 1195 1293 1098 1004 1097 539 572 535 698 372 232 1394 374 1190 131 943 1004 287 273 448 498 662 782 544 260 842 16 1350 991 719 138 429 556 1379 396
1067 522 1340 1011 1492 993 1253 1019 1254 1353 1055 1476 1215 1395 1359 1085 878 972 283 232 476 878 1202 895 132 1425 380 794 1131 1180 665 95 1343 80 626 1211 1121 316 441 100 694 678 477 1357 1477 337 1234 1297 1233 1127 2 920 914 356 1166 934 49 115 1026 811 853 217 381 1312 133 439 1105 1054 607 494 325 908 129 913 1309 1161 1297 1001 95 1500 413 259 523 730 347 1162 646 1131 579 1477 187 747 1475 478 1475 1175 856 353 1111 1290
1100 731 596 756 1311 1359 401 590 1423 1425 607 1346 1404 797 416 135 973 1438 834 1272 1005 415 1125 1309 1137 46 999 1315 1219 530 831 150 339 562 1393 1318 618 988 110 949 536 1307 1356 1168 1439 741 1185 1170 640 1498 404 1432 1045 975 1314 8 181 248 1018 130 408 129 249 205 1473 740 66 1185 1246 453 953 1184 34 1477 313 753 506 1427 258 740 839 563 567 1484 607 1272 760 1129 1396 233 435 1003 1335 1242 14 1341 1374 31 138 65
493 559 241 582 164 686 168 429 579 238 1254 1087 1432 1106 1252 637 921 755 3 254 1107 791 1423 738 867 103 1483 830 1091 1332 1178 880 765 1319 402 316 785 1435 958 620 770 629 1167 346 806 507 597 1463 333 249 469 1138 1298 1173 48 1360 1466 685 309 1219 86 802 1190 1178 950 576 212 1376 77 1118 1107 939 651 431 147 934 594 2 152 1421 263 600 830 955 478 1335 1482 1026 844 1449 678 1410 231 1412 233 655 1418 992 1151 156
1093 559 80 388 1394 404 528 515 40 1443 1087 967 1277 981 797 449 517 637 1391 453 389 345 1319 157 1079 1490 350 248 607 1415 1044 1402 1345 715 747 420 1453 41 314 173 1350 664 775 691 1446 1489 569 2 1247 1252 140 200 347 876 1331 386 962 472 1375 1152 1342 376 1019 1280 1203 145 555 275 279 67 289 1446 389 290 514 652 1326 753 1164 1223 757 1119 700 1159 19 1229 219 114 293 15 164 87 742 342 521 451 522 59 1079 668
384 456 1138 118 318 1149 3 572 1203 540 224 1435 1179 438 304 503 771 218 92 732 481 1336 304 901 366 387 1293 1475 17 1365 1340 1400 1158 1101 554 1397 1307 865 1252 1259 1192 1485 326 510 970 947 249 284 50 1341 206 871 49 431 869 81 938 1079 735 630 847 611 1391 83 1301 1274 1283 1344 137 414 365 1001 86 8 918 1165 363 1024 1307 1387 876 730 103 164 370 804 1388 428 926 648 386 95 632 1380 563 305 1021 931 360 1101
1432 109 1136 468 1389 1348 1292 1230 1375 1297 1177 1079 532 1495 1437 1034 1322 22 841 252 670 299 99 733 1235 589 349 1426 376 891 736 635 499 605 1125 721 252 998 337 867 1478 1093 458 1369 592 1303 613 629 1294 1004 1157 408 1032 614 432 1211 108 1382 1273 648 265 885 1091 1339 274 1457 487 1457 328 1056 585 243 756 219 1390 310 1442 1311 1250 385 822 1019 621 359 1147 215 481 1458 85 98 1364 244 1350 1347 1295 974 462 907 1081 1133
247 830 184 357 322 517 1469 913 1038 292 50 1089 731 499 31 998 691 920 449 337 364 926 1132 1480 459 1236 451 152 588 499 938 652 1159 1085 363 1059 1404 245 512 511 427 83 112 760 1169 320 1210 298 269 46 904 389 175 1027 688 1239 218 1483 1229 690 304 211 974 908 19 571 1115 614 1011 1337 989 1392 1321 1297 1464 743 105 370 260 187 1256 1270 165 922 518 166 836 989 467 149 1496 1345 483 191 1159 1323 45 309 350 1027
467 1102 174 289 1406 22 1286 954 18 1382 1499 374 376 952 284 1068 1452 12 717 1330 1306 330 949 897 831 1126 403 947 128 1048 1394 604 480 496 241 785 608 28 614 753 980 101 575 177 1005 915 1467 1066 1124 702 1036 1392 632 1409 1051 1095 489 1301 1498 943 1018 880 137 21 402 388 142 379 1248 19 222 1084 935 1361 927 38 166 1237 1249 1045 233 1256 482 1325 374 741 1412 1043 677 59 1150 452 1376 1217 1285 1223 619 414 377 808
1367 1098 1364 842 1215 630 293 1485 842 993 727 703 47 552 1422 1105 583 1234 68 754 624 1359 291 381 97 1226 696 1474 1250 1032 1491 352 481 1186 402 447 122 1150 868 663 1258 300 795 1433 212 1455 1295 992 275 1147 1397 1205 500 647 1014 850 1239 192 1376 204 356 1091 912 1186 100 1254 236 1219 1482 1036 928 501 1165 596 1309 660 413 1138 238 348 877 340 98 817 727 223 405 280 1494 540 700 1237 587 603 1374 969 498 1432 525 724
661 252 768 471 365 265 750 723 96 1240 822 623 748 668 206 201 166 1110 1234 158 275 218 1060 808 971 1008 801 1201 477 1314 131 994 1416 1260 137 435 253 777 150 711 127 1182 903 719 1195 543 696 681 1239 971 356 255 1469 1058 1077 666 662 125 642 694 1468 571 72 1172 192 935 158 765 346 327 1450 1121 861 510 754 340 758 1401 1364 1402 1314 1371 453 576 1127 1419 1424 1175 313 71 844 437 905 333 370 593 708 1344 1258 164
152 266 1243 749 1019 971 1021 1337 780 1352 407 316 251 1459 1263 597 704 601 508 378 1019 1199 1340 937 543 1331 463 1319 671 1034 733 757 941 1197 139 411 1347 433 1363 87 827 1218 419 442 507 1217 1205 794 1359 1065 489 133 1221 939 1202 252 279 764 1437 40 660 1478 671 282 487 673 837 914 537 1112 715 612 35 795 939 769 878 2 881 967 761 787 59 730 468 1124 1248 1029 744 726 295 139 494 40 1178 187 16 779 1188 1307
971 1454 244 1428 374 1231 771 1156 798 88 832 780 437 241 1431 1132 1079 294 931 1491 1096 139 997 725 1159 760 1418 17 1032 721 143 1373 573 615 902 1444 482 939 771 686 138 424 166 42 1043 1491 533 392 1421 573 1173 648 438 1091 873 1230 279 1004 514 881 869 323 700 1061 201 181 1101 1450 960 1244 998 556 1355 250 652 749 1424 1281 559 1414 57 164 329 149 874 850 179 20 1457 634 157 1331 561 297 1303 418 1290 688 117 613
1406 758 906 486 953 1105 783 707 1074 1435 523 1190 535 1490 776 983 1162 1334 1309 483 605 499 90 889 478 1470 1271 267 981 1109 1348 1036 725 914 895 877 1122 684 598 867 1062 1052 1102 626 889 1275 1449 367 830 1348 1422 1227 453 75 403 941 782 98 2 1182 256 965 246 624 826 1333 743 671 1173 235 817 229 509 540 114 1198 1409 17 835 613 1338 471 530 1472 1021 1227 341 449 124 560 988 567 97 395 807 705 784 1217 164 60
167 245 425 1445 1201 219 548 725 1239 463 593 333 1088 1207 454 1248 995 558 1147 560 1183 1350 525 124 271 1225 426 1207 920 163 1328 838 646 770 513 1119 1433 1435 512 627 441 1209 54 642 1172 1495 909 1048 1094 26 669 671 221 921 483 660 1320 707 1299 919 266 878 1247 1316 101 11 1152 1471 262 857 515 86 282 726 47 281 1088 1056 74 1177 3 712 1478 857 369 1383 855 373 1285 1216 385 666 796 1036 905 127 1236 1242 345 304
1076 16 1258 44 34 198 720 1382 838 364 1398 1134 1379 1076 1147 1164 554 1470 1092 699 311 744 446 518 831 236 1263 478 961 1183 1053 1403 816 978 474 685 986 529 1226 386 795 30 477 472 437 1408 4 263 521 481 85 515 52 491 804 308 1260 928 284 1322 1500 649 1476 1050 985 165 326 438 329 798 1237 1263 83 579 1117 622 175 1398 958 1069 1040 492 494 456 642 796 198 282 486 56 1297 660 472 548 581 345 117 1150 155 965
1459 83 623 1179 675 704 828 172 303 622 475 850 495 946 424 152 54 534 1238 1497 1079 683 488 1361 1351 172 468 1449 572 1037 602 29 797 1300 1447 886 701 237 150 1107 728 508 188 1036 232 217 1330 190 234 852 1321 729 692 1441 760 79 1168 178 1104 1366 1471 61 1161 725 1131 484 190 1419 881 839 1419 1324 1127 99 1171 623 459 693 1051 792 517 418 260 1274 425 409 206 728 844 503 1424 1 36 1482 157 1451 509 1485 983 176
366 739 786 663 780 1328 414 265 487 314 231 1293 564 1034 537 1094 463 39 264 328 1218 692 621 1149 1328 88 1234 1103 591 461 878 1212 193 87 530 400 1158 1223 1347 43 177 1195 583 1482 710 1052 186 1138 175 770 828 125 1262 1029 190 1284 650 523 31 982 1140 470 411 1367 1137 306 450 690 578 124 1054 1431 1260 1435 1348 938 286 48 547 835 736 1438 960 952 521 84 1335 605 1240 769 290 705 1284 1493 1185 677 1247 852 1341 1468
1291 667 212 552 182 934 1229 1383 909 923 436 1135 116 1213 1078 1372 1462 514 967 806 942 408 198 681 1292 1494 1065 135 1333 836 335 723 571 194 1023 1200 155 1118 404 334 1084 898 114 681 144 402 330 1295 248 1046 213 611 853 880 584 645 729 716 1325 619 72 1138 1370 241 765 564 665 451 803 866 100 619 592 247 929 838 618 681 507 577 1249 1240 964 994 194 1246 1459 555 1437 1035 926 333 17 840 1082 1131 46 282 1317 177
1367 211 1161 882 555 1442 1217 865 722 1194 77 1291 978 309 1436 1075 725 545 459 1136 25 353 996 369 1481 1132 123 1374 1243 972 1015 247 747 1314 165 1194 1073 86 421 873 716 1082 835 1450 899 1180 1068 1369 358 411 258 637 1222 954 1289 890 845 1457 1187 123 358 558 331 1032 220 708 319 123 139 254 1021 825 465 1117 759 1255 1305 583 424 11 1454 982 401 1489 103 363 1481 82 675 1344 808 1187 75 745 782 2 291 881 1045 826
368 270 880 1337 39 189 1266 780 262 1472 561 1327 1048 1336 1390 532 469 1288 732 467 165 584 1345 574 345 948 248 309 1467 1116 921 1066 979 900 709 375 1437 1267 1063 1382 106 287 29 764 435 348 1148 485 582 806 549 202 1317 1107 546 813 68 620 428 650 412 70 50 1380 1100 1302 1266 359 1175 310 395 685 310 1417 739 20 1077 861 861 826 314 1118 835 285 676 106 649 1143 1 1482 518 263 734 1150 1427 1155 181 138 1444 1134
82 218 1120 426 1371 382 336 613 347 502 1445 759 293 853 1010 1034 621 431 769 566 508 1393 1034 247 106 996 957 971 367 1485 1316 179 1147 435 484 1287 786 335 1281 1288 831 290 192 550 129 252 1420 107 482 1144 1292 79 464 1 1121 184 1024 1201 456 580 1256 720 724 1295 5 615 692 980 1386 1241 1027 73 311 728 215 599 285 1163 56 759 679 344 680 839 252 639 531 1136 306 61 1043 658 679 291 1447 218 1316 1373 809 374
564 134 646 1144 49 1243 582 320 4 494 185 994 948 1255 872 78 584 1249 78 1274 1175 621 99 1143 1162 1004 1208 413 1098 1091 935 1447 54 943 959 1420 1384 1045 929 371 461 638 922 1376 396 1091 1294 205 643 1182 377 708 1041 1233 616 1291 1439 349 18 879 1161 443 348 259 1369 1279 146 1345 99 770 694 1039 512 1404 156 809 1436 1384 23 973 382 1002 952 831 587 486 1154 22 543 93 810 403 1451 535 1360 1067 699 926 1374 354
206 1148 893 1018 950 245 30 1071 887 859 842 1262 86 508 1125 1265 991 1193 655 1061 894 754 1 1414 791 947 315 903 109 414 208 1468 231 1479 86 915 1103 694 1390 147 1081 1485 432 23 1417 107 931 1239 671 1244 305 825 580 881 1043 125 493 796 666 1050 982 910 606 1364 1172 243 323 938 179 11 1482 623 43 208 485 383 615 561 1313 575 277 833 744 608 747 545 689 189 787 1083 644 740 278 1050 1180 1332 1373 110 1136 1495
803 376 196 524 523 124 847 1464 1364 1409 1208 726 1196 1169 1489 749 5 703 101 963 1371 1291 898 1020 157 739 304 523 70 935 335 194 728 1324 1478 176 1427 538 1249 442 194 73 1394 547 346 680 931 1481 485 786 1412 278 234 369 720 957 472 1500 139 858 586 1216 746 1466 431 342 102 672 919 209 35 1060 297 772 1020 1171 1019 315 128 736 664 298 483 1051 633 1135 691 601 1246 496 698 784 1420 458 194 1314 962 1018 49 1087
533 1050 1183 834 1130 1004 1496 69 645 374 486 1196 59 220 778 763 1353 901 1324 436 542 1422 938 936 343 400 1152 25 1195 746 733 368 1008 625 1377 270 1234 99 948 684 375 1427 1075 1489 29 354 1291 585 90 182 992 862 1435 476 791 938 1480 1092 909 1327 1227 1415 703 880 1464 629 1365 452 218 1413 792 1418 1382 1078 1308 468 77 1422 560 450 448 910 3 1455 418 131 9 417 497 399 339 682 241 1057 70 1437 274 1233 422 587
423 1477 1217 1043 1335 612 806 1440 419 532 1203 692 811 369 862 619 1481 429 488 974 1381 666 1085 439 1294 1473 867 349 417 68 186 1079 73 789 1303 478 1033 1239 395 190 939 1019 830 1281 1459 1246 73 1106 362 231 586 279 323 1060 1134 1167 1446 1334 1147 310 1398 83 866 1136 357 1466 1399 707 253 40 658 1020 1322 455 895 986 1199 693 139 136 282 623 105 682 943 801 952 619 1395 630 901 580 1476 1430 896 1099 526 135 22 692
772 816 823 997 946 856 354 1227 98 1368 865 1196 672 987 1305 658 792 1127 77 795 931 417 643 59 39 901 1408 110 256 357 1415 641 538 1332 1364 254 1251 596 999 1240 1274 1103 1191 1367 902 644 650 348 1343 1180 125 1158 1157 1496 43 428 674 1233 624 1355 1122 80 521 1039 829 289 1033 736 921 421 1368 770 1406 593 1254 314 661 172 428 448 898 376 1065 98 931 880 257 1349 1152 295 232 378 749 1085 277 1475 1247 757 1030 436
1279 1060 1221 162 374 1211 646 1399 580 162 980 44 361 941 319 1450 79 1402 410 1353 648 1232 89 1402 680 1072 134 1169 557 525 1430 338 1118 735 248 1314 919 832 122 1000 214 1040 682 1166 141 1262 133 383 1371 1451 964 1221 833 336 1303 1476 1446 76 672 578 1188 64 1458 266 1025 165 589 638 497 1307 160 519 968 789 118 555 512 1152 1213 864 1092 104 1412 234 1168 108 306 1070 1010 1288 546 601 226 447 1250 1170 1232 743 1204 1222
651 1481 727 566 170 505 356 803 160 1232 1469 1000 319 1127 606 437 896 160 735 849 1061 868 1475 525 1378 315 1230 1213 1404 1328 1284 1066 872 84 528 1423 1417 1068 1042 1172 697 718 605 1030 350 1114 315 1204 477 358 596 424 1400 1366 918 1454 569 360 752 1466 1460 129 1030 1397 675 859 268 164 600 1454 309 239 25 1216 970 769 1229 1142 927 1107 686 695 1202 768 355 482 927 255 530 678 771 1259 267 1178 1484 907 381 1242 475 529
1342 443 41 267 1 148 260 373 707 537 952 396 1246 974 576 1145 604 1106 1455 338 463 876 848 1045 248 1447 1160 444 681 475 633 927 1260 469 1268 370 156 40 1433 974 1464 404 1428 695 814 321 241 1147 643 705 1455 551 1378 878 1114 1201 639 793 383 558 206 438 821 1014 54 1404 774 698 1490 926 710 509 1439 1466 467 578 1172 303 26 413 1225 1201 1303 51 1202 4 1207 572 527 1008 187 814 1359 185 598 1131 177 863 613 1199
223 146 1267 1111 331 772 1333 1388 1116 473 822 1478 561 1211 1336 1103 602 1398 54 742 522 108 1497 206 74 768 1249 382 936 117 1041 134 856 715 158 543 372 823 1052 881 1351 1328 784 1315 369 338 678 112 322 836 270 1012 154 1328 719 206 358 1194 1063 280 1019 1290 1380 1014 1008 2 997 1337 491 1016 92 110 107 910 96 57 338 68 838 1246 710 888 72 1200 336 73 1064 1431 1398 1447 743 1069 10 1132 1466 524 426 93 387 467
1241 143 1432 1144 501 97 1377 1070 1028 1087 852 1365 416 139 1476 1304 248 686 1367 1426 176 732 1017 889 1126 382 333 928 1402 39 1465 262 1129 497 866 293 1115 388 1229 353 1328 1227 444 1151 53 391 469 361 910 1289 1259 815 1148 1453 838 828 834 120 581 939 248 627 682 120 635 796 1135 828 225 26 704 489 344 1321 1173 506 149 1462 1432 121 933 125 546 936 755 717 1381 1238 1239 590 1186 717 491 1385 412 1263 497 1376 520 263
316 366 320 155 520 1054 483 189 894 784 741 1436 1387 878 650 292 1063 230 1334 1148 1248 237 53 162 586 787 1183 1313 269 1188 1368 741 55 1072 58 500 604 849 81 4 186 779 873 1069 15 573 650 1142 956 1113 1422 953 1168 1202 635 494 943 891 1350 808 353 788 54 899 1425 1176 1114 203 963 132 593 619 49 1372 639 253 297 952 1265 745 1134 83 1256 58 529 295 627 576 580 60 1242 384 1431 389 1348 125 768 210 1421 949
1336 485 985 21 1486 1487 811 202 165 1467 999 352 673 631 1023 1237 1340 1335 911 503 825 545 188 772 1454 1087 388 898 102 619 620 459 1232 1262 1081 853 783 781 1269 659 414 617 842 1268 1309 711 916 1484 794 779 253 1089 1341 1402 1004 241 1066 83 1447 377 826 691 1226 181 1275 456 1046 299 1500 186 1126 405 589 216 304 37 1293 1167 528 446 814 1375 5 468 965 1338 544 1155 355 984 429 165 256 1411 1011 397 281 916 1061 935
825 1280 97 355 876 330 635 471 580 1290 1302 171 707 1386 508 1051 511 735 1480 1042 577 815 450 264 759 691 107 1304 1482 1459 692 662 1200 478 421 1016 553 1003 451 537 131 531 1124 450 755 1173 605 1182 107 111 364 128 1088 23 883 411 358 922 601 418 393 468 1046 857 393 544 129 250 888 600 296 1079 1390 111 217 1417 460 230 1328 775 304 223 808 392 890 1180 866 133 1224 604 306 837 1075 747 229 216 82 753 1049 1309
1387 149 51 830 1500 445 1180 1227 1437 456 809 751 1450 1309 695 1304 1494 1143 367 1238 1364 853 98 458 390 366 881 427 496 467 1164 932 364 423 796 984 146 433 322 629 966 1261 1067 628 418 1242 668 1385 987 735 925 1112 112 98 689 82 250 1485 1439 1201 678 115 463 489 44 1042 548 770 587 368 187 371 423 1477 44 620 262 917 266 921 469 682 1276 554 584 1421 1129 314 1450 1091 704 56 1382 1340 1482 1279 599 748 1183 1018
757 1430 775 314 663 385 749 74 1038 612 817 312 820 662 109 1156 1264 579 1336 1416 107 1458 480 597 1178 316 1215 666 1027 416 1401 949 881 342 966 231 173 785 1450 653 156 478 953 253 892 1077 493 229 1092 940 378 440 1239 302 510 327 593 681 942 702 400 282 440 1226 755 1035 903 637 1077 701 1035 1394 1220 659 351 226 177 1329 1284 596 1314 1390 492 1045 966 1143 1225 750 1347 789 601 966 1349 1042 188 693 1471 73 99 1222
785 1020 371 1276 249 294 526 125 1026 331 928 576 1389 756 1094 639 713 335 1235 1006 436 1151 864 1025 1052 683 1462 244 1357 710 1123 644 361 854 1284 41 1348 28 1486 465 182 1333 1011 652 1172 1443 361 1073 537 164 1300 694 687 428 870 504 1496 994 296 778 569 724 1372 576 361 391 586 426 119 1336 450 196 597 1157 813 1369 1276 169 1465 766 768 650 1229 388 1099 1055 1403 764 1324 1050 538 1471 576 643 64 923 510 539 911 723
1236 252 803 340 749 276 1329 1491 1474 1493 1154 1189 744 855 1275 371 311 27 1025 1410 1236 1397 1367 419 668 1478 1256 323 1169 1253 734 234 1484 706 373 1221 936 147 219 753 923 1356 267 37 348 915 925 1418 566 492 1113 783 971 245 400 691 171 87 725 883 361 508 1338 168 469 587 218 1311 375 1432 945 1025 628 992 1406 390 491 815 249 1429 1067 1238 1236 518 178 1413 682 1470 312 1160 88 1059 400 890 1238 782 197 1161 1312 367
634 585 1320 1496 1182 885 1468 294 935 417 1181 1005 625 1020 1194 1403 1271 849 1463 1084 443 843 1057 645 678 1091 1295 473 1344 410 1021 325 699 555 530 393 17 1202 733 853 948 1265 687 125 1430 175 226 1085 250 1100 378 1041 385 843 88 1065 538 1297 289 1264 714 544 908 426 530 948 101 584 213 1353 692 846 841 97 1309 900 301 358 1266 88 261 1398 811 175 60 694 247 489 332 1089 32 461 448 874 279 634 776 1346 954 938
15 1344 769 131 935 457 332 804 676 905 577 641 385 399 25 1012 1200 295 290 252 396 729 593 715 222 166 752 37 894 446 451 116 1465 43 1083 404 577 898 19 458 569 605 648 866 1002 1231 1313 147 1255 413 1115 1210 708 719 656 387 1204 663 367 687 916 1400 1405 745 231 776 647 235 1390 1256 40 348 263 1223 90 821 964 1209 1302 995 657 1480 917 30 22 1032 158 1438 1464 343 1070 882 733 790 656 1047 1453 227 464 821
1241 899 129 1099 1169 374 1161 571 295 320 137 1279 527 543 1072 510 439 245 725 480 219 516 325 895 1336 837 1484 1404 632 1402 423 1367 666 735 1453 524 385 865 1157 1163 602 1008 518 981 1085 1496 1084 1361 1493 690 1264 1334 979 1100 568 501 1076 1329 474 883 866 953 1485 736 736 884 397 1190 1406 447 1408 420 1398 696 164 1463 1048 986 232 966 1303 42 392 1319 1017 415 183 692 541 929 14 23 192 719 1221 314 1260 140 1074 1103
1460 214 57 1233 847 1482 1061 354 1310 1358 1276 1195 1375 62 922 396 1278 176 760 1186 378 1116 85 478 240 721 830 1490 235 962 610 1470 1001 1262 717 1089 1360 1296 1030 843 927 650 354 473 1043 658 736 337 350 1081 233 1036 1145 313 927 3 1143 681 1147 220 1447 375 726 1481 572 1055 84 705 1030 447 922 302 136 214 96 247 831 1076 1304 859 1270 1064 813 380 431 1299 846 1111 857 1452 725 374 942 532 368 334 1491 24 517 286
1407 1005 1128 456 984 555 1389 178 147 584 635 393 1495 740 207 109 1170 1224 342 698 1449 645 779 857 324 1138 1140 487 1487 18 855 1016 206 1231 307 238 293 789 996 529 1254 255 673 667 902 1474 1003 259 647 174 116 109 434 1185 1052 1062 30 936 1450 417 168 10 500 1464 1075 1270 123 491 1094 226 524 414 1271 731 717 1349 704 692 87 442 1225 153 900 668 1425 701 864 459 131 790 421 337 1392 1150 700 1430 272 151 283 368
718 1228 1325 458 533 692 369 554 304 852 777 1041 1444 1388 244 1338 612 717 1413 202 1 995 65 213 1470 806 7 32 1406 657 843 1427 402 1233 271 1422 570 1062 1195 365 745 1357 845 832 1408 1192 1052 475 403 257 345 689 1495 1140 1068 737 988 34 507 877 579 595 1015 143 944 853 527 1431 1314 1181 47 1307 694 857 692 331 959 172 447 130 898 627 1386 402 404 888 335 745 929 820 1281 428 490 1079 1047 1102 75 530 1060 1397
808 374 976 421 735 1424 1096 1359 1435 1182 262 920 1326 1290 633 1315 328 1036 143 1015 453 428 1252 982 1146 138 522 584 240 428 532 713 694 98 902 1294 1251 41 62 1449 260 639 592 306 744 131 679 426 678 1286 1278 1341 1341 1133 272 1271 936 592 151 461 822 863 980 782 1473 801 1199 680 1451 156 1107 695 1073 241 1463 1437 1416 1316 1491 133 489 298 897 498 390 95 334 1228 1219 1398 403 446 676 759 1008 1408 1069 1048 1237 912
179 400 104 1346 281 1300 1062 861 176 828 1295 124 1206 209 1483 970 1126 1219 1185 1481 1424 468 795 858 467 495 1337 1203 1102 1033 361 404 239 1134 2 676 1165 773 806 1063 375 1422 627 488 307 870 1027 422 509 238 644 1284 1280 507 1418 142 1128 1469 143 1077 36 781 347 505 845 324 1093 1283 881 702 309 1407 566 31 1431 1054 425 21 694 1281 931 1457 889 1102 178 1129 1107 906 356 607 1169 578 343 1372 881 184 1225 1244 697 1463
840 646 212 341 363 969 337 398 122 861 1259 485 123 1004 912 1102 223 52 568 911 758 299 823 1348 525 1104 1449 147 37 531 478 880 643 1267 1043 865 1499 1395 1306 1332 347 144 204 868 606 48 1478 405 1318 595 1144 1492 27 731 1023 148 520 825 1197 430 183 920 1063 92 388 1148 380 186 668 897 37 829 464 1416 1386 163 878 106 766 326 1407 1275 631 407 1239 952 1146 786 942 428 323 731 1018 492 1303 1364 902 903 1486 717
1381 1414 1017 920 1415 815 722 302 106 985 1120 1462 1145 154 273 257 820 359 993 383 886 1142 1177 1018 858 709 144 501 490 781 216 1343 173 1488 1473 1478 1406 1254 1156 1465 193 784 275 1018 176 104 630 109 525 1273 1374 530 528 124 220 710 1162 631 1475 405 87 58 100 461 1251 1010 172 70 1309 486 25 1107 306 831 1319 1063 81 1014 894 1496 373 1286 1234 105 562 953 297 630 1000 523 1286 623 1259 330 582 85 283 1275 854 1393
747 1273 672 500 1210 686 384 1248 657 89 378 771 897 1057 1162 1293 967 590 152 320 1031 965 1315 76 1385 1325 623 764 684 327 459 1392 105 1387 1369 595 317 343 926 1397 11 1065 618 822 1292 525 742 666 1206 101 986 217 106 772 923 765 519 1339 1472 718 377 547 1166 171 242 973 407 1011 10 145 1135 369 629 1168 857 1225 944 937 25 597 1080 168 1132 336 549 1087 955 780 611 1325 435 52 1210 398 900 160 1407 1389 213 1023
1370 1091 664 1483 371 1467 1178 540 1391 452 352 715 361 811 1061 1498 1225 358 1361 1043 1132 167 1006 41 110 331 135 176 529 542 861 158 1103 109 150 512 167 75 1008 1153 1397 795 1159 185 1419 356 26 514 1042 1091 512 154 532 1067 1393 95 314 146 450 1354 444 144 1487 572 742 1053 933 719 1241 1094 1090 647 489 1101 912 1410 180 326 963 1087 1232 176 1092 942 147 1111 386 682 384 447 1285 398 932 329 207 984 1161 1315 714 348
955 539 1094 1003 715 1188 609 382 975 1270 1076 475 1446 1276 1425 16 919 110 162 27 1457 518 1483 108 1420 400 636 1276 14 1477 317 446 73 283 1305 821 237 855 536 609 669 189 804 478 754 276 1365 1485 910 1046 1280 802 1477 1386 881 1248 1270 1072 516 14 598 783 1088 13 1391 1180 858 963 875 400 1130 449 1404 270 611 209 1420 604 1183 259 1368 242 171 116 573 456 353 1002 894 127 1005 114 626 1462 1144 1286 662 1326 1346 349
877 55 55 371 606 249 142 1316 1240 281 739 1480 1003 1064 427 752 887 1211 1042 972 1317 80 705 1254 551 454 1228 76 1157 461 1423 1243 1243 1084 1170 511 981 320 388 591 1098 193 460 432 173 1417 916 1369 404 1216 1467 1065 1406 1309 743 646 80 744 1452 485 906 989 757 1222 404 828 1358 736 1177 1205 97 627 619 932 431 580 287 145 331 116 284 109 1421 1131 1219 730 1268 532 1271 65 826 1277 118 432 1009 119 325 8 1342 843
1472 1489 720 133 1493 1086 698 1095 714 180 739 1207 639 442 706 183 660 519 1402 1239 244 261 537 720 223 1216 1337 682 518 689 1480 1488 623 359 1118 400 639 1481 146 132 580 730 241 11 1216 1204 1083 966 461 937 1435 92 1425 437 1417 371 303 465 73 818 317 1462 785 267 1314 22 251 861 1297 708 790 125 634 415 743 910 679 342 1313 408 149 644 741 1469 839 837 1409 1214 90 201 242 1314 118 1236 1429 1148 1115 756 19 1106
650 1255 1204 1311 842 276 81 362 735 1443 954 1346 1294 800 296 195 869 634 527 712 161 1491 517 465 1240 1486 665 377 931 1057 535 92 704 190 1264 810 1492 80 1021 707 503 1329 1113 690 546 485 1194 608 388 402 768 1402 1005 737 465 1308 183 472 383 340 464 643 1131 85 1218 1131 408 686 790 527 124 717 1214 1456 1322 1055 1115 222 83 1345 688 545 83 359 670 635 113 455 440 372 49 499 1423 1306 295 415 1350 746 762 285
1112 673 1151 1470 1113 727 165 1159 511 1223 850 50 1336 1300 399 295 343 672 993 46 1179 89 527 20 33 740 842 887 436 529 1062 819 1293 643 611 365 113 54 932 154 1092 1031 589 833 1336 250 1472 1099 747 568 428 1067 74 687 1299 663 1138 959 69 1033 86 15 947 1125 704 776 447 1061 1166 880 1149 910 1459 970 1025 1087 1239 428 331 924 716 767 24 578 551 614 592 339 1143 1327 18 348 471 263 110 401 745 1235 159 1460
