10 50
212 213 214 217 218 219 220 221 108 107 235 97 96 95 94 76 75 74 73 246 282 281 280 279 278 277 283 284 313 312 311 310 317 318 319 320 321 322 488 489 490 491 492 493 494 500 501 504 445 444
149 148 215 216 224 223 222 110 109 106 236 98 204 205 93 77 244 245 72 247 248 249 250 251 275 276 298 285 314 315 316 309 385 384 383 325 324 323 477 476 475 474 498 496 495 499 502 503 446 443
150 147 231 230 225 226 229 111 234 105 237 99 203 91 92 78 69 70 71 256 255 254 253 252 29 28 297 286 287 288 289 308 307 386 382 326 480 479 478 486 485 473 472 497 451 450 449 448 447 442
151 146 145 144 143 227 228 112 233 104 101 100 202 90 80 79 68 67 66 65 257 258 259 260 30 27 296 299 292 291 290 305 306 380 381 327 328 329 481 482 484 487 471 470 452 453 454 457 440 441
152 139 140 141 142 127 126 113 114 103 102 178 179 89 81 82 243 242 241 64 264 263 262 261 31 26 295 294 293 302 303 304 379 378 387 388 406 330 331 483 335 336 505 469 468 467 455 456 439 438
153 138 137 136 232 128 123 124 115 175 176 177 180 87 88 83 238 239 240 63 265 266 34 33 32 25 300 17 16 15 408 373 374 377 395 389 405 404 332 333 334 337 506 349 350 465 466 458 507 437
154 210 211 135 134 129 122 125 116 174 173 182 181 86 85 84 56 57 58 62 268 267 35 36 39 24 301 18 21 14 409 372 375 376 394 390 407 403 341 340 339 338 347 348 351 461 460 459 435 436
155 209 159 160 133 130 121 120 117 171 172 183 184 185 200 201 55 54 59 61 269 270 271 37 38 23 22 19 20 13 12 371 370 393 392 391 396 402 342 343 344 345 346 353 352 462 425 426 433 432
156 157 158 161 132 131 166 119 118 170 193 190 189 186 199 196 197 53 60 49 48 274 272 273 40 41 417 1 9 10 11 410 369 368 367 366 397 398 399 400 401 358 357 354 464 463 424 427 434 431
208 207 206 162 163 164 165 167 168 169 192 191 188 187 194 195 198 52 51 50 47 46 45 44 43 42 416 415 414 413 412 411 418 419 420 365 364 363 362 361 360 359 356 355 421 422 423 428 429 430
