80 125
10045 10046 10047 10022 10021 10020 218 219 10014 10013 10012 10011 10010 10009 236 237 246 245 247 254 253 252 255 2600 2599 2598 2597 2596 2561 2560 2559 2558 2601 9452 9453 9448 2682 2683 2684 2689 2690 2691 2695 2696 2697 2704 2705 2706 2707 2710 2711 2737 2736 2732 2731 2730 2729 2738 2739 2740 2743 2744 9007 9001 9002 9003 8988 8954 8955 8958 8959 8983 8982 8981 8980 8979 8973 8974 8977 8978 8892 8881 8882 8885 8886 8887 8890 8891 8864 8863 8862 8861 8803 4442 4443 4444 8802 4448 4449 4473 4472 4471 4470 4469 4477 4478 4485 4484 4486 4491 4490 4492 4493 4494 4495 4496 4497 4528 4529 4553 4549 4548 4547 4554 4555
10044 10048 10024 10023 10034 216 217 220 223 224 10015 10018 233 234 235 238 243 244 248 249 250 251 256 257 2588 2589 2590 2591 2562 2563 2556 2557 2602 9451 9450 9449 2681 2680 2685 2688 2693 2692 2694 2699 2698 2703 3267 3266 2708 2709 2712 2717 2718 2733 2734 2727 2728 9444 9445 2741 2742 2745 8999 9000 9005 9004 8989 8953 8956 8957 8960 8961 8964 8965 8966 8971 8972 8975 8976 8894 8893 8880 8883 8884 8889 8888 8871 8870 8865 8866 8867 8860 8804 4441 4440 4445 4446 4447 4450 4474 4463 4464 4476 4468 8769 4479 4482 4483 4487 4488 4489 8801 4504 4503 4502 4501 4498 4527 4530 4552 4550 4551 4546 8800 4556
10043 10042 10025 10030 10031 215 214 221 222 225 10016 10017 232 286 285 239 242 10007 10004 10003 10002 10001 10000 258 2587 2594 2593 2592 2595 2564 2555 2604 2603 9454 9455 9456 9459 2679 2686 2687 2660 2659 2658 2700 2701 2702 3268 3265 3262 3263 2713 2716 2719 2735 2725 2726 3248 2752 2751 2750 2747 2746 8998 8997 9006 8991 8990 8952 8951 8950 8949 8962 8963 8987 8967 8970 8898 8897 8896 8895 8904 8879 8878 8875 8874 8873 8872 8846 8847 8848 8868 8859 8805 8806 4439 4454 4453 4452 4451 4475 4462 4465 4466 4467 8768 4480 4481 4642 4641 4508 4507 4506 4505 4518 4517 4500 4499 4526 4531 4532 4543 4544 4545 8799 4557
10049 10041 10026 10029 10032 212 213 9946 9945 226 227 10019 231 287 284 240 241 10006 10005 9981 9982 9998 9999 259 2573 2572 2571 2570 2566 2565 2554 2605 2606 9464 9463 9457 9458 2678 9447 9446 2661 2674 2657 2654 2653 3270 3269 3260 3261 3264 2714 2715 2720 2723 2724 3246 3247 2753 9018 2749 2748 9009 9008 8996 8993 8992 9023 2775 2776 2777 8948 8918 8917 8916 8968 8969 8899 8900 8901 8902 8903 8905 8877 8876 4372 4373 8844 8845 8850 8849 8869 8858 9024 8807 4438 4437 4434 4433 4455 4456 4461 8766 8767 4649 4648 4647 4646 4643 4640 4509 4512 4513 4514 4515 4516 4523 4524 4525 4534 4533 4542 4541 4540 4559 4558
10050 10040 10027 10028 10033 211 9947 9940 9941 9944 228 229 230 288 283 282 281 9978 9979 9980 9983 9997 10008 260 2574 2575 2576 2569 2567 2568 2553 2552 2607 9465 9462 9461 9460 2677 2676 2675 2662 2663 2656 2655 2652 2651 2650 3259 3258 3252 3224 3225 2721 2722 3244 3245 3249 2754 9017 9016 9015 9010 9020 8995 8994 9021 9022 2774 3160 2778 8947 8919 8945 8915 8986 8984 8985 8909 8908 8907 8906 4368 4369 4370 4371 4374 8843 8842 8851 8852 8856 8857 9025 8808 8809 4436 4435 4432 4431 4457 4460 4658 4657 4650 4651 4652 4645 4644 4639 4510 4511 8772 8773 8776 4519 4522 8795 8794 4535 4536 4537 4538 4539 4560 8184
10051 90 91 10035 209 210 9938 9939 9942 9943 9930 9929 9970 289 290 9977 280 279 9990 9991 9984 9996 262 261 2584 2585 2577 2346 2347 2348 9473 2551 2608 9466 2612 2613 2627 2628 2629 2630 2673 2664 2665 2666 2667 2668 2649 2648 3257 3253 3223 3226 3227 3228 3243 3242 3250 2755 2756 2757 9012 9011 9019 2769 2770 2771 2772 2773 3159 2779 8946 8920 8921 8914 8913 8912 8911 8910 8940 8941 4366 4367 9035 9036 9037 4375 8840 8841 8854 8853 8855 8819 8818 9026 8810 4417 4418 4419 4430 4458 4459 4659 4656 4655 4654 4653 8763 8764 4638 4637 8770 8771 8774 8775 4520 4521 8791 8792 4568 4567 4566 4565 8798 4561 8183
10052 89 92 10036 208 207 9937 9934 9933 9932 9931 9928 9971 9972 291 292 9976 278 9989 9986 9985 9995 263 2583 2582 2579 2578 2345 2344 2349 9474 2550 2609 2610 2611 2614 2626 2625 9471 2631 2632 2633 2634 2670 2669 2643 2644 2647 3255 3254 3222 3221 3220 3229 3230 3240 3239 3238 2759 2758 9013 9014 2767 2768 3164 3163 3162 3161 3158 2780 2781 2782 8922 8923 8924 8944 8937 8938 8939 8942 4365 9041 9034 9033 9038 4376 8825 8824 8823 8822 8821 8820 8817 9027 8811 4416 9031 4420 4429 4428 4427 4660 4663 4664 4665 4666 8762 8765 4635 4636 8782 8781 8778 8777 4613 4612 4611 8793 4569 4570 8797 4564 4563 4562 8182
10053 88 93 10037 10038 206 9936 9935 9953 9954 9968 9927 9926 9924 9925 293 9975 277 9988 9987 9992 9994 264 265 2581 2580 2294 2295 2343 2350 2351 2549 2620 2619 2618 2615 9472 2624 9469 9468 9467 2636 2635 2671 2672 2642 2645 2646 3256 3216 3217 3218 3219 3251 3231 3241 3235 3236 2760 2763 2764 2765 2766 3102 3103 3104 3165 3168 3157 2785 2784 2783 8927 8926 8925 8935 8936 8943 4362 4363 4364 9040 9039 4379 4378 4377 8826 8827 8838 8837 8836 8835 8816 8815 8812 4415 9030 4421 9028 4425 4426 4661 4662 5056 5057 4667 8761 4633 4634 8784 8783 8780 8779 8789 4614 8790 4610 4605 4604 4571 4572 4573 8179 8180 8181
86 87 94 10039 204 205 9948 9949 9952 9955 9956 9957 9960 9923 9922 294 9974 276 273 272 9993 268 267 266 2586 2292 2293 2296 2342 9501 2352 2548 2547 2546 2617 2616 2622 2623 9470 2520 2519 2637 2638 2639 2640 2641 3212 3213 3214 3215 3271 3193 3192 3191 3232 3233 3234 3237 2761 2762 3175 3174 3173 3101 3172 3105 3166 3167 3156 2786 8933 8929 8928 4349 4350 4351 4355 4356 4361 4360 9042 4237 4236 4380 4381 4382 8839 8828 8829 8830 8831 8832 8833 8814 8813 4414 9029 4422 4423 4424 5053 5052 5051 5050 5049 4668 4669 4632 8786 8785 4627 4626 8787 8788 4615 4616 4609 4606 4603 4600 4599 4574 8178 8177 8176
85 84 95 96 203 202 9969 9950 9951 9967 9966 9958 9959 9961 9921 295 9973 275 274 271 270 269 2290 2287 2286 2291 9506 2297 2340 2339 2353 9475 2544 2545 2621 2527 2526 2523 2522 2521 2518 3334 3333 3283 3282 3210 3211 3277 3274 3273 3272 3194 3327 3190 3189 3188 3177 3087 3088 3089 3176 3094 3095 3100 3099 3106 3153 3154 3155 2787 8932 8930 8931 4348 4347 4352 4354 4357 4358 4359 9043 4238 4235 4234 9032 4383 4384 4389 4390 4391 4392 4393 8834 4397 4398 4413 4412 4409 4408 5055 5054 5045 5046 5047 5048 4671 4670 4631 4630 4629 4628 4625 4624 4621 4620 4617 4608 4607 4602 4601 4598 4575 4576 8185 8175
82 83 10079 97 98 201 200 199 196 195 9965 9964 9963 9962 9920 296 299 300 2271 2272 2275 2276 2289 2288 2285 2284 2299 2298 2341 2338 2354 9476 2543 2532 2531 2528 2525 2524 9480 9481 2517 3335 3332 3284 3285 3209 3208 3276 3275 3279 3280 3195 3326 3185 3186 3187 3178 3086 3091 3090 3092 3093 3096 3097 3098 3107 3152 3170 3169 2788 8934 2792 2793 9050 4346 4353 4270 4269 4268 9045 9044 4239 9067 4233 4230 4229 4385 4388 4218 4217 4216 4394 4395 4396 4399 4400 4411 4410 4407 4406 5042 5043 4683 4682 4681 4672 4699 4698 4697 4700 4701 4702 4623 4622 4619 4618 8048 4590 4591 8796 4597 4596 4577 8186 8174
1 10076 10077 100 99 10054 10055 198 197 194 188 187 186 185 9919 297 298 301 2270 2273 2274 2277 2278 2281 2282 2283 2300 2333 2334 2337 2355 2356 2542 2533 2530 2529 9477 9478 9479 2515 2516 3336 3331 3330 3286 3287 3207 3278 3201 3200 3281 3196 3325 3184 3183 3182 3179 3085 3084 3151 3150 3114 3113 3112 3111 3108 2810 2809 3171 2789 2790 2791 2794 2795 4273 4272 4271 9051 4267 9046 9049 4240 9066 4232 4231 4228 4386 4387 4219 4220 4215 4214 5064 5065 5066 4401 4402 4403 4404 4405 5041 5044 4684 8760 4680 4673 4694 4695 4696 4705 4704 4703 8033 8032 8031 8030 8029 4589 4592 4593 4594 4595 4578 4579 8173
10074 10075 10078 101 10060 170 171 172 10056 193 189 10058 10059 184 332 322 323 302 2269 2268 2267 2266 2279 2280 2303 2302 2301 2332 2335 2336 9500 2357 2541 2534 2535 2536 2509 2510 2511 2514 2495 2494 2493 3329 3289 3288 3206 3203 3202 3199 3198 3197 3323 3324 3048 3049 3180 3181 3083 3082 3081 3115 3116 3117 3110 3109 2811 2808 2807 2806 2805 9442 9443 2796 4274 4275 4325 4265 4266 9047 9048 4241 4242 4243 4244 4227 4226 4225 4222 4221 4212 4213 5063 5062 5061 5005 5006 5060 5059 5058 5040 5039 4685 4678 4679 4674 4693 4710 4709 4706 8040 8039 8034 8035 8046 8047 8028 4588 4587 4586 4585 4584 4583 4580 8172
10073 10080 103 102 168 169 1112 173 10057 192 190 181 182 183 333 321 324 303 304 305 306 2265 2260 2259 2304 2305 2306 2331 2330 2329 2359 2358 2540 2539 2538 2537 2508 9484 2512 2513 2496 9498 2492 2491 3290 3291 3205 3204 3308 3309 3310 3328 3322 3046 3047 3050 3051 3056 3057 3079 3080 3075 3074 3118 3119 3143 2812 2817 2816 2818 2804 2803 2802 2797 2798 4276 4324 4264 4259 4258 4257 4256 9052 9053 4245 9064 9063 4224 4223 4210 4211 4985 4986 4987 5067 5004 5007 5008 5009 5012 5013 5014 4686 4677 4676 4675 4692 4711 4708 4707 8041 8038 8037 8036 8025 8026 8027 7445 7444 7443 7442 7441 4582 4581 8171
10070 10069 104 105 167 1113 1111 174 175 176 191 180 340 341 334 320 325 326 331 308 307 2264 2261 2258 2309 2308 2307 2326 2327 2328 2360 2361 2362 2363 2378 2379 2507 2506 2505 9482 2497 9497 2489 2490 3293 3292 3305 3306 3307 3312 3311 3313 3321 3045 3054 3053 3052 3055 3058 3078 3077 3076 3073 3121 3120 3142 2813 2814 2815 2819 2822 2823 2801 2800 2799 4277 4323 4263 4260 4344 4343 4255 4254 9054 4246 9065 9062 4207 4208 4209 4983 4984 4989 4988 5068 5003 5034 5035 5010 5011 5016 5015 4687 4688 4689 4690 4691 4712 8044 8043 8042 8019 8020 8021 8024 8052 8049 7446 7447 8169 8168 7440 7439 7438 8170
10071 10068 107 106 166 1114 1110 1109 1108 177 178 179 339 336 335 319 328 327 329 309 9509 2263 2262 2257 2310 9505 9502 2325 2324 2323 2322 2321 2365 2364 2377 2380 9485 2503 2504 9483 2498 9496 2488 3295 3294 3301 2027 2026 2021 2020 3315 3314 3320 3044 3041 3040 3039 3060 3059 3069 3070 3071 3072 3122 3140 3139 3135 3134 3133 2820 2821 2824 4318 4319 4279 4278 4322 4262 4261 4345 4342 4341 4253 9055 4247 9058 9059 4206 4980 4979 4982 4991 4990 5070 5069 5002 5033 5032 5027 5026 5017 5018 5019 4723 4722 4721 8758 4713 8045 7980 7981 8018 8017 8022 8023 8051 8050 8054 7448 7449 7450 7451 8167 7437 7436
10072 10067 108 10061 165 162 161 160 1104 1103 1102 1115 338 337 371 318 317 316 330 310 9508 9507 2255 2256 2311 9504 9503 2316 2317 2318 2319 2320 2366 2375 2376 2381 9486 2502 2501 2500 2499 2486 2487 3296 3299 3300 2028 2025 2022 2019 3316 3317 3319 3043 3042 3037 3038 3061 3066 3067 3149 3148 3147 3123 3141 3138 3136 3137 3130 3131 3132 2825 4317 4281 4280 4320 4321 4326 4328 4329 4330 4340 4252 4251 4248 9057 9060 4205 4981 4978 4977 4992 4998 4999 5000 5001 5036 5031 5028 5025 5024 5021 5020 4724 8065 4720 8759 4714 7978 7979 7982 7983 8016 8015 8014 8053 7497 7496 7491 7490 7489 7452 7453 7460 7435
10065 10066 109 110 164 163 158 159 1105 1106 1101 343 342 372 370 369 373 315 312 311 2248 2249 2254 2253 2312 2313 2314 2315 2463 2464 2465 2468 2367 2374 9499 2382 9487 9495 9493 9494 2484 2485 3304 3297 3298 2030 2029 2024 2023 2018 2017 3318 3029 3030 3035 3036 3063 3062 3064 3068 2845 2844 3146 3124 3125 3126 3127 3128 3129 2830 2829 2826 4283 4282 4316 4180 4181 4327 4187 4188 4331 4332 4339 4250 4249 9056 9061 4204 4203 5072 4976 4993 4997 5071 4740 4739 4738 5030 5029 5037 5023 5022 4726 4725 8064 4719 4716 4715 7977 7976 7985 7984 8011 8012 8013 7499 7498 7495 7492 7493 7488 7455 7454 7459 7434
10064 115 114 111 10062 10063 157 1094 1095 1107 1100 344 345 364 365 368 374 314 313 2219 2218 2250 2251 2252 2451 2450 2455 2456 2462 2461 2466 2467 2368 2373 2372 2383 9488 9491 9492 2482 2483 2037 2036 3303 3302 2031 9662 9661 2014 2015 2016 3027 3028 3031 3034 2853 2852 2851 3065 2847 2846 2843 2842 2841 3145 2837 2836 2835 3144 2831 2828 2827 4284 4315 4314 4179 4182 4183 4186 4189 4336 4333 4338 4197 4198 4199 4200 4201 4202 5073 4975 4994 4996 4742 4741 8117 4737 4736 4735 4732 4731 5038 4727 8062 8063 4718 4717 7973 7974 7975 7986 8009 8010 7502 7501 7500 7480 7481 7482 7494 7487 7456 7457 7458 7433
117 116 113 112 154 155 156 1093 1096 1097 1098 1099 346 363 366 367 375 376 377 2220 2217 2216 2215 2453 2452 2449 2458 2457 2459 2460 2470 2469 2369 2370 2371 2384 9489 9490 2391 2392 2039 2038 2035 2034 2033 2032 9659 9660 2013 3337 3025 3026 3033 3032 2855 2854 2861 2850 2849 2848 2886 2887 9439 2840 2839 2838 9438 2834 2833 2832 4310 4311 4285 4286 4287 4178 5087 4184 4185 4190 4335 4334 4337 4196 4967 4968 4970 4971 4972 4973 4974 4995 4744 4743 8099 8098 8097 8096 4734 4733 4730 4729 4728 8061 8060 8059 7971 7972 8058 7988 7987 8008 8007 7503 7504 8163 7479 8164 7483 7484 7485 7486 7462 7461 7432
118 153 152 151 150 1090 1091 1092 801 800 799 348 347 362 361 360 9915 379 378 2221 2222 2225 2214 2213 2454 2448 2447 2476 2440 2439 2471 2472 2473 2474 2475 2385 2386 2387 2390 2393 2040 2041 2044 2045 2046 9658 9654 9653 2012 2011 3019 3018 3017 3016 2856 2859 2860 2885 2883 2882 2881 2888 2891 2892 2893 2897 2898 4313 4312 4308 4309 4291 4290 4289 4288 4177 5086 5085 5084 4191 4192 4193 4194 4195 4966 4969 4957 4956 4955 5074 4749 4748 4745 8101 8100 8109 8108 8086 8087 8088 8093 8092 8094 8066 8118 8119 7970 8057 7990 7989 8000 8001 8005 8006 7505 7476 7477 7470 7469 7468 7465 7464 7463 8166 7431
119 146 147 148 149 1089 804 803 802 794 795 349 9917 9916 358 359 381 380 2246 2247 2223 2224 2211 2212 2205 2204 2443 2442 2441 2438 2435 2434 2414 2413 2412 2478 2479 2388 2389 2394 2481 2042 2043 9680 2047 9657 9655 9652 2009 2010 3020 3023 3024 3015 2857 2858 2862 2863 2884 2879 2880 2889 2890 2895 2894 2896 2899 2900 2901 4307 4293 4292 4303 4304 4175 4176 5088 5089 5083 5082 5081 5080 5079 5078 4964 4963 4958 4959 4954 5075 4750 4747 4746 8102 8110 8106 8107 8085 8095 8089 8090 8091 8068 8067 4804 4805 7969 8056 7991 7999 7998 8002 7510 7509 7506 7475 7478 7471 7865 7467 7466 8165 7428 7429 7430
120 145 141 140 807 806 805 1086 1087 793 796 350 351 9918 357 356 382 383 2232 2230 2231 2226 2210 2209 2206 2203 2444 2445 2446 2437 2436 2433 2415 2410 2411 2480 2403 2401 2402 2395 2064 2063 2062 9679 2048 2049 9656 9651 2008 2007 3021 3022 3013 3014 3338 3339 3340 2864 2865 2878 2877 2876 2875 2874 2984 2983 2982 2981 2902 4306 4294 4302 4301 4173 4174 5096 5095 5090 5091 5092 5093 4944 4945 4946 4965 4962 4961 4960 4953 5076 4751 4754 4755 8103 8104 8105 8083 8084 8073 8072 8071 8070 8069 4802 4803 4806 7968 8055 7992 7993 7997 8003 7511 7508 7507 7474 7473 7472 7843 7844 7845 7426 7427 8188 8187
121 144 142 139 138 808 1088 1085 791 792 797 798 352 353 354 355 385 384 2233 2229 2228 2227 2244 2208 2207 2202 2201 2200 2199 2477 2164 2163 2416 2409 2408 2405 2404 2400 2399 2396 2065 9678 2061 2052 2051 2050 9648 9649 9663 2006 2005 2004 3012 3344 3343 3342 3341 3345 2866 2867 9440 9441 2872 2873 2985 2986 2987 2980 2903 4305 4295 4296 4297 4172 4171 5097 5098 4162 4161 4160 5094 4943 5099 4947 4948 4949 4950 4951 4952 5077 4752 4753 4756 8113 8112 8111 8082 8081 8074 8075 8079 8080 4800 4801 4808 4807 7967 7966 7995 7994 7996 8004 7512 7513 7514 7515 7841 7840 7842 7864 7846 7425 7424 7423 7422
122 123 143 136 137 809 1083 1084 790 789 788 787 1116 781 780 387 386 2245 2234 2235 2236 2239 2240 2243 2194 2195 2196 2197 2198 2166 2165 2162 2417 2432 2407 2406 2430 2431 2398 2397 2066 2059 2060 2053 9643 9644 9647 9650 9629 9628 9627 2003 3011 3010 3009 3006 3005 3004 3003 2868 2869 2870 2871 2992 2993 2988 2978 2979 2904 2907 2908 2909 4298 4169 4170 4165 4164 4163 4158 4159 4941 4942 5100 4909 4908 4907 4906 4903 4902 4899 4898 4897 4757 8114 8115 8116 4791 4792 8077 8076 8078 4798 4799 4812 4809 8121 8120 7965 7964 7963 7962 7961 8125 8126 8129 7516 7838 7839 7863 7848 7847 7859 7860 7420 7421
125 124 134 135 811 810 1082 1081 1080 818 819 786 785 782 779 388 389 392 393 394 2237 2238 2241 2242 2193 2192 9513 9510 2168 2167 2160 2161 2418 2419 2420 2428 2429 2132 2131 2068 2067 2058 2057 2054 9642 9645 9632 9631 9630 9669 9626 2002 2001 2000 3008 3007 3346 3347 3002 3001 3000 2995 2994 2991 2990 2989 2977 2976 2905 2906 9437 2910 4299 4168 4167 4166 4153 4154 4157 4920 4919 4918 4917 4910 4911 4912 4905 4904 4901 4900 5102 4896 4758 4763 4764 4765 4790 4793 4794 4795 4796 4797 4813 4811 4810 7950 7951 8122 8123 7958 7959 7960 8128 8127 7518 7517 7837 7851 7850 7849 7858 7857 7861 7419 8189
126 133 132 131 812 813 814 815 816 817 820 1043 784 783 777 778 390 391 1118 395 396 2187 2188 2189 2190 2191 9512 9511 2169 2170 2159 2158 2425 2424 2421 2427 2134 2133 2130 2069 2070 2073 2056 2055 9641 9646 9633 9634 9612 9613 9614 9621 9620 1999 1998 1997 9424 3348 3357 3356 2999 2996 2968 2969 2970 2973 2974 2975 2924 2923 9436 2911 4300 4147 4148 4151 4152 4155 4156 4921 4922 4923 4916 4915 4914 4913 3936 3935 3934 5104 5103 4895 4759 4762 4769 4766 4788 4787 8754 8753 8752 8751 4814 8135 8134 7949 7952 7953 8124 7957 7523 7522 7521 7520 7519 7835 7836 7852 7853 7854 7855 7856 7862 7418 8190
127 128 129 130 1061 1062 1070 1067 1068 1069 821 1038 1037 1036 776 771 770 769 1117 398 397 2186 2185 2184 2183 2182 2181 2174 2173 2171 2172 2157 2156 2423 2422 2426 2135 9590 2129 2128 2071 2072 2074 2075 9640 9639 9638 9635 9611 9625 9615 9616 9619 1994 1995 1996 3350 3349 3354 3355 2998 2997 2967 2966 2971 2972 9426 9425 2925 2922 2921 2912 4145 4146 4149 4150 4137 4136 4927 4926 4925 4924 3949 3948 3947 5101 3937 3932 3933 5105 4886 4887 4760 4761 4768 4767 4789 4786 4785 4784 8749 8750 4815 4816 4817 7948 7947 7954 7955 7956 7524 8154 8153 7543 7544 7834 7833 7832 7831 7830 7829 7415 7416 7417 8191
1079 1078 1052 1053 1060 1063 1065 1066 824 823 822 1039 1034 1035 775 772 767 768 1119 399 400 415 416 417 418 419 2180 2175 2150 2151 2152 2153 2154 2139 2138 2137 2136 9589 9591 2127 2103 2102 9592 2076 9664 9666 9637 9636 9610 9609 9622 9617 9618 1993 3402 3403 3351 3352 3353 3358 3359 3372 2964 2965 9429 9428 9427 2928 2926 2927 2920 2913 4144 9069 9068 4139 4138 4135 4928 4940 3952 3951 3950 3945 3946 3939 3938 3931 3930 5106 4885 4888 4893 4892 4770 8757 4780 4781 4782 4783 8748 4823 4822 4821 4818 7945 7946 8132 8131 8130 7525 8155 8162 7542 7545 7546 7547 7866 7806 7807 7828 7414 7413 7412 7411
1047 1048 1051 1054 1059 1064 827 826 825 1042 1041 1040 1033 1032 774 773 766 1121 1120 1125 401 414 413 412 411 420 2179 2176 2149 2148 2147 2146 2155 2140 9579 9578 9577 9588 2122 2123 2104 2101 2100 2077 9665 2081 2082 9667 9668 9608 9607 9623 1991 1992 3401 3400 3404 3405 3406 3361 3360 3371 2963 2962 2957 2956 2930 2929 2934 2918 2919 2914 4143 4142 4141 4140 4133 4134 4929 3954 3953 3968 3967 3944 3943 3940 3925 3926 3929 4883 4884 4889 4890 4891 4771 4772 4779 4778 8745 8746 8747 4824 8150 4820 4819 7944 7941 7940 8133 7527 7526 8156 8157 7541 7540 7539 7548 7804 7805 7808 7809 7812 7813 7409 7410
1046 1049 1050 1055 1058 829 828 1023 1022 1021 1024 1029 1030 1031 763 764 765 1122 1123 1124 402 403 404 9914 410 421 2178 2177 426 427 9514 2145 2142 2141 9580 9587 9576 9575 2121 2124 2105 2106 2099 2078 2079 2080 2083 2084 2085 9670 9606 9624 1990 1989 1988 3399 3398 3414 3407 3362 3369 3370 9423 2961 2958 2955 2931 2932 2933 2917 2916 2915 9070 4127 4128 4129 4132 4939 4930 3955 3970 3969 3966 3974 3942 3941 3924 3927 3928 4882 4881 4880 4894 4874 4873 4773 4776 4777 8744 8755 4826 4825 7930 7931 7932 7943 7942 7939 7938 7528 7529 7530 8158 8159 7537 7538 7549 7803 7802 7801 7810 7811 7407 7408 8192
1045 1072 1071 1056 1057 830 1017 1018 1019 1020 1025 753 754 755 762 761 1140 1139 1138 1126 1127 1128 405 406 409 422 423 424 425 428 9515 2144 2143 9584 9581 9550 9551 9552 2120 2125 2126 2107 2098 2095 2096 2097 2090 2089 2086 9671 9605 9604 9603 9672 1987 3396 3397 3413 3408 3363 3368 3373 9422 2960 2959 2954 9430 9431 2935 2936 9076 9074 4125 4126 9071 4130 4131 4938 4931 3956 3971 3972 3965 3975 3976 3977 3923 8741 5108 5107 5112 4879 4878 4875 4872 4774 4775 8756 8743 4828 4827 7928 7929 8149 7933 7934 7935 7936 7937 8136 8137 7531 8161 8160 7536 8152 7550 7867 7799 7800 7815 7814 7406 7403 7402
1044 1073 1074 1075 832 831 1016 1009 1008 1007 1026 752 1182 756 1180 760 1141 1179 465 464 463 1129 1130 407 408 436 435 433 434 429 9516 9586 9585 9583 9582 9549 9548 9553 2119 2118 2117 2108 2109 2094 2093 2092 2091 2088 2087 9593 9594 9595 9602 9601 1986 3394 3393 3412 3409 3364 3367 3374 3375 9133 9134 2953 9434 9432 9433 2937 2938 9075 4124 9073 9072 4102 4101 4937 4932 3957 3958 3973 3964 3984 3985 3978 3922 8740 5109 5110 5111 5113 4877 4876 4871 4870 4869 4868 8742 4829 7927 7661 7660 7659 7658 8143 8142 8141 8140 8139 8138 7532 7533 7534 7535 8151 7551 7552 7795 7794 7816 7817 7405 7404 7401
841 840 1077 1076 833 1013 1012 1010 1011 1006 1027 751 1181 757 758 759 1142 467 466 9913 462 461 1131 1132 1137 437 438 432 431 430 9517 9518 9537 9538 9539 9540 9547 9554 9555 9556 2116 2115 2110 2111 1916 1917 1920 1921 1958 1959 1960 9596 9597 9600 1985 3395 3392 3411 3410 3365 3366 3377 3376 9132 9135 2952 9435 2942 2941 2940 2939 4122 4123 4105 4104 4103 4100 4099 4933 4934 3959 3962 3963 3983 3980 3979 3921 3920 3917 3916 5119 5114 8726 8725 8724 8723 8734 4867 4866 4830 7926 7662 7667 7666 7657 8144 8147 8148 7649 7648 7647 7646 7564 7563 7562 7555 7554 7553 7796 7793 7825 7818 7819 7822 7400
842 839 838 837 834 1014 1015 861 862 1005 1028 750 749 748 1147 1144 1143 468 469 470 459 460 1134 1133 451 450 439 440 441 9529 9520 9519 9536 9535 9534 9541 9546 9545 9574 9557 9560 2114 2113 2112 1915 1918 1919 1922 1957 1964 1961 9677 9598 9599 1984 3390 3391 3415 3416 3417 3418 3378 3379 9131 9136 2951 2944 2943 9080 4078 4079 4121 4107 4106 4113 4114 4115 4098 4936 4935 3960 3961 3986 3982 3981 9226 9227 3919 3918 3915 5118 5115 8727 8720 8721 8722 8735 8736 4865 4831 7925 7663 7664 7665 7656 8145 8146 7651 7650 7643 7644 7645 7565 7566 7561 7556 7557 7798 7797 7792 7824 7823 7820 7821 7399
843 848 847 836 835 858 859 860 863 1004 744 745 746 747 1146 1145 1178 473 472 471 458 1136 1135 453 452 449 448 443 442 9528 9521 9522 9523 9532 9533 9542 9543 9544 9564 9558 9559 9561 9563 1913 1914 9683 1924 1923 1956 1963 1962 9676 9674 9673 1983 3389 3388 3387 3386 3385 3384 3381 3380 9130 2949 2950 2945 4075 4076 4077 4080 4120 4108 4111 4112 4116 4094 4095 3991 3990 3989 3988 3987 9223 9224 9225 3909 3910 3913 3914 5117 5116 8728 8719 8718 8737 4862 4863 4864 4832 4833 7921 7920 7668 7655 7654 7653 7652 7641 7642 7574 7573 7572 7567 7560 7559 7558 7787 7788 7791 7826 7827 7386 7387 7398
844 845 846 849 850 857 870 869 864 1003 743 1155 1154 1149 1148 478 477 474 9705 9706 457 456 455 454 9691 9690 447 444 9530 9527 9526 9525 9524 9531 9572 9571 9569 9570 9565 1906 1907 9562 1911 1912 9684 9682 1925 1926 1955 1965 1968 1969 9675 1981 1982 3419 3420 9129 9128 9127 3383 3382 9094 9093 2948 2947 2946 4074 4083 4082 4081 4119 4109 4110 4118 4117 4093 4096 3992 3995 3996 3997 9229 9222 9228 3907 3908 3911 3912 5121 5120 8733 8729 8716 8717 8738 4861 4860 4859 4835 4834 7922 7919 7669 7670 7671 7708 7639 7640 7576 7575 7580 7571 7568 7868 7784 7785 7786 7789 7790 7379 7380 7385 7388 7389
992 993 996 852 851 856 871 868 865 741 742 1156 1153 1150 1169 479 476 475 9704 9707 9710 9694 9693 9692 1835 1836 446 445 1847 1848 1851 1852 1853 1854 1855 9573 9568 9567 9566 1905 1908 1909 1910 1896 1895 1929 1928 1927 1954 1966 1967 1970 1971 1980 9420 9421 3421 9120 9121 9122 9123 9124 9095 9092 9085 9084 9083 4073 4072 4071 4084 4085 4086 4087 4090 4091 4092 4097 3993 3994 4058 3998 9230 9221 9220 3906 3905 3904 8739 5122 5123 5124 8730 8715 8714 4848 4849 4850 4851 4836 4837 7917 7918 7923 7673 7672 7707 7638 7637 7577 7578 7579 7570 7569 7869 7783 7782 7781 7376 7377 7378 7381 7384 7395 7390
991 994 995 853 854 855 872 867 866 740 1162 1157 1152 1151 1168 480 9702 9701 9703 9708 9709 9695 1832 1833 1834 1837 9689 1845 1846 1849 1850 1859 1858 1857 1856 1870 1871 1872 1873 1901 1900 1899 1898 1897 1894 1930 1931 9681 1953 1952 1974 1973 1972 1979 3424 3423 3422 9119 9118 9117 9126 9125 9096 9091 9086 9087 9082 9081 9201 4070 4069 9079 9078 4088 4089 9077 4061 4060 4059 4056 4057 3999 9231 9240 9219 9218 9248 3903 3902 5127 5126 5125 8731 8732 8713 4847 4858 4857 4852 4855 4838 7916 7915 7924 7674 7705 7704 7635 7636 7629 7628 7581 7582 7884 7870 7871 7872 7780 7375 7361 7360 7382 7383 7394 7391
990 899 898 897 896 895 873 876 738 739 1161 1158 1166 1165 1167 481 482 9700 9699 9698 9697 9696 1831 1673 1672 1838 1839 1844 1843 9688 9687 1860 1861 1862 1868 1869 1876 1875 1874 1902 1903 1904 1891 1892 1893 9397 1932 1949 1950 1951 1975 1976 1977 1978 3425 9419 3431 3432 3433 9116 9115 9098 9097 9090 9089 9088 9137 9138 9139 9140 4068 4067 4066 4065 4064 4063 4062 9198 9199 4055 4054 4000 9232 9239 9238 9217 9216 3900 3901 5128 5129 5130 5131 5132 8712 4846 4845 4856 4853 4854 4839 7913 7914 7676 7675 7706 7703 7634 7631 7630 7627 7584 7583 7874 7873 7776 7777 7779 7374 7362 7359 7358 7396 7393 7392
989 900 997 892 893 894 874 875 737 736 1160 1159 1163 1164 1170 1171 483 484 9711 9712 531 532 1830 1674 1671 1670 1840 1841 1842 1664 1663 1865 1864 1863 1867 1878 1877 1885 1886 1887 1888 1889 1890 9394 9395 9396 1933 1948 1947 1946 1945 1944 1943 9407 3426 3427 3430 9414 3434 3435 9114 9099 9100 9101 9102 9105 3458 3459 9144 9141 9148 9147 9149 9150 9151 9152 9196 9197 9200 4051 4052 4001 9233 9241 9237 9242 9215 3899 3898 3897 8683 8678 8679 5133 8710 8711 4844 4843 4842 4841 4840 7912 7911 7677 7678 7679 7702 7633 7632 7625 7626 7585 7881 7875 7883 7775 7778 7371 7372 7363 8194 7357 7397 7353 7352
988 901 902 891 890 998 878 877 733 734 506 505 504 503 502 1172 1177 485 486 487 530 533 1829 1675 1733 1669 1668 1667 1666 1665 1662 1866 1658 1657 9686 1879 1884 1883 9392 9387 9388 9389 9368 9367 9366 9365 1934 1935 1936 1939 1940 1941 1942 9406 9408 3428 3429 9413 9415 3436 9113 9112 9111 9106 9103 9104 3457 3460 9143 9142 9145 9146 9172 9171 9170 9153 9154 4046 4047 4050 4053 4002 9234 9235 9236 9213 9214 9249 9250 3896 8676 8677 8680 5134 8703 8702 8701 8700 5151 5152 5155 5156 5157 7686 7681 7680 7701 7699 7700 7624 7623 7586 7877 7876 7882 7774 7773 7370 7373 7364 8193 7356 7355 7354 7351
987 986 903 904 889 999 879 1002 732 735 507 9911 499 500 501 1173 1174 1175 1176 488 529 534 1828 1676 1732 1731 1730 1729 1728 1727 1661 1660 1659 1656 9685 1880 1881 1882 9385 9386 9391 9390 9369 9370 9393 9364 9398 9399 1937 1938 3565 3564 3563 3562 3561 9409 9412 3530 3529 3437 3438 3439 9110 9107 3454 3455 3456 3461 3464 3465 9178 9177 9167 9168 9169 9173 9155 4045 4048 4049 4004 4003 9247 9246 9243 9212 3892 3893 3894 3895 8675 8674 8681 5135 8704 8705 8706 5149 5150 5153 5154 5222 5158 7685 7682 7688 7689 7698 7608 7609 7622 7587 7878 7879 7764 7765 7766 7369 7368 7365 7342 7343 7344 7345 7350
984 985 905 887 888 1000 880 1001 731 509 508 9910 498 9912 494 493 492 491 490 489 528 535 536 1677 1678 1681 1682 1683 1734 1715 1716 1721 1722 1655 1654 1653 9382 9377 9376 9375 9374 9373 9372 9371 9362 9363 9400 3577 3576 3575 3566 3567 3572 3571 3560 9410 9411 3531 3528 3442 3441 3440 9109 9108 3453 3494 3495 3462 3463 3466 9179 9180 9166 9165 9164 9174 9156 4044 4043 4006 4005 9205 9206 9245 9244 9211 3891 3890 8666 8667 8668 8673 8682 5136 5137 8708 8707 5148 5221 5220 5219 5218 5159 7684 7683 7687 7690 7697 7607 7610 7621 7588 7589 7880 7763 7762 7767 7768 7367 7366 7341 7340 7339 7346 7349
908 907 906 886 885 884 881 729 730 510 511 512 497 496 495 9908 9905 9904 525 526 527 9903 537 1827 1679 1680 1685 1684 1735 1714 1717 1720 1723 1726 1651 1652 9381 9378 9384 9350 9351 9352 9359 9360 9361 9402 9401 3578 3579 3574 3573 3568 3569 3570 3559 3534 3533 3532 3527 3443 3444 9418 3448 3449 3452 3493 3496 3497 3498 3467 3468 3469 3470 3471 9163 9175 9157 4041 4042 4007 4008 9204 9207 9208 9209 9210 3888 3889 8664 8663 8669 8672 5140 5139 5138 8709 5146 5147 5214 5215 5216 5217 5160 5161 7910 7692 7691 7696 7606 7611 7612 7613 7590 7591 7885 7761 7760 7769 7770 7771 7336 7337 7338 7347 7348
909 910 911 912 923 883 882 728 725 724 723 513 514 515 516 9907 9906 9909 524 549 546 545 538 539 1824 1687 1686 1737 1736 1713 1718 1719 1724 1725 1650 1649 9380 9379 9383 9349 9348 9353 9358 3587 3586 9403 3582 3581 3580 3549 3550 3551 3552 3557 3558 3535 3536 3524 3525 3526 3445 3446 3447 3450 3451 3492 3491 3490 3489 3488 3487 3474 3473 3472 9162 9176 9158 4040 4039 4010 4009 9203 9254 9253 9252 9251 3887 3886 8665 8662 8670 8671 5141 5142 5143 5144 5145 5224 5213 5223 5209 5207 5208 5162 5163 7693 7694 7695 7605 7619 7615 7614 7620 7592 7593 7886 7759 7772 7333 7334 7335 8198 8197 8196 8195
940 941 942 913 922 921 920 727 726 721 722 1183 1184 1240 517 518 519 522 523 548 547 544 543 540 1823 1688 1689 1738 1739 1712 1709 1708 1707 1706 1705 1648 1643 1642 1641 9404 9347 9354 9355 3588 3585 3584 3583 3620 3547 3548 3555 3554 3553 3556 3539 3538 3537 3523 3522 3521 3520 9416 3516 3514 3515 3499 3500 9276 9275 9274 3486 3475 9182 9181 9161 9160 9159 9187 4038 4011 4012 4013 3876 3877 3878 3883 3884 3885 8660 8661 5237 5236 5235 5233 5234 5229 5228 5225 5212 5211 5210 5206 5203 5202 5164 7909 7709 7603 7604 7618 7616 7617 7596 7595 7594 7757 7758 7331 7332 8201 8200 8199 8244 8243 8242
939 938 943 914 924 918 919 925 719 720 1199 1198 1185 1186 1187 1190 520 521 9902 550 1777 1778 542 541 1822 1825 1690 1691 1740 1711 1710 1699 1700 1703 1704 1647 1644 1639 1640 9405 9346 9357 9356 3589 3614 3615 3616 3619 3546 3545 3544 3543 3542 3541 3540 3716 3715 3717 3720 3721 3519 3518 3517 3513 3511 3512 3501 9277 9278 9273 3485 3476 3477 3478 9183 9184 9185 9186 4037 4036 9202 4014 3875 3880 3879 3882 3864 3863 8659 8658 5238 5239 5240 5232 5231 5230 5227 5226 8698 8697 8696 5205 5204 5201 5165 5166 7710 7602 7601 7600 7599 7598 7597 7888 7887 7756 7755 7330 7329 8202 8247 8246 8245 8248 8241
936 937 944 915 916 917 716 717 718 1201 1200 1197 1196 1195 1188 1189 1191 553 552 551 1776 1775 1774 1749 1748 1747 1826 1692 1693 1741 1697 1698 1701 1702 1742 1646 1645 1638 1637 1636 9345 9342 9341 3590 3613 3612 3617 3618 3621 9329 9290 3704 3705 3706 3707 3713 3714 3718 3719 3722 3723 3724 3725 3509 3510 3503 3502 9280 9279 9272 3484 9417 3480 3479 3801 3802 3803 9188 9189 4035 4034 4015 3874 3881 3867 3866 3865 3862 3861 8657 8654 8655 5241 5250 5249 5248 5251 5252 8689 8690 8693 8694 5194 5195 5196 5167 7711 7718 7717 7719 7720 7721 7890 7889 7896 7897 7754 7898 7328 8203 8204 8235 8236 8237 8238
935 945 931 930 927 926 715 714 1203 1202 1229 1230 1239 1194 1193 1192 555 554 1769 1770 1771 1772 1773 1750 1751 1746 1745 1743 1694 1695 1696 1613 1614 1615 1616 1617 9713 9714 9725 1635 9344 9343 9340 3591 9332 3611 3610 3625 3622 9292 9291 3703 3710 3709 3708 3712 9289 3731 3730 3729 3728 3727 3726 3508 3505 3504 9283 9281 9270 9271 3483 3482 3481 3799 3800 9262 3804 9195 9190 9193 4033 4016 3873 3872 3868 3869 3870 3859 3860 8652 8653 8656 5242 5243 5244 5247 8687 5253 8688 8691 8692 8695 5193 5200 5197 5168 7712 7715 7716 7726 7723 7722 7891 7894 7751 7752 7753 7326 7327 8206 8205 8232 8231 8230 8239
934 933 932 929 928 978 712 713 1204 1227 1228 1231 1232 1233 558 557 556 1783 1768 1781 1780 1779 1754 1753 1752 1602 1603 1744 1609 1610 1611 1612 5730 5731 5732 1618 9716 9715 9724 1634 1633 9337 9338 3592 9333 3608 3609 3624 3623 9293 9294 3702 3701 3700 3711 3696 3695 3732 3733 3765 3764 3763 3762 3507 3506 3766 3767 9282 9269 9268 9284 9264 3797 3798 9260 9261 3805 9194 9191 9192 4032 4017 4018 4025 3851 3852 3871 3858 3857 8651 5268 5267 8684 8685 5245 5246 8686 5254 5255 5189 5190 5191 5192 5199 5198 5169 7713 7714 7727 7725 7724 7895 7892 7893 7750 7749 7748 7325 7324 8207 8208 8233 8228 8229 8240
946 947 981 980 979 977 711 1206 1205 578 577 1238 1235 1234 559 560 1765 1766 1767 1782 1757 1756 1755 1821 1600 1601 1604 1605 1608 6120 5727 5728 5729 5733 1620 1619 9717 9718 9719 9720 1632 9336 9339 3593 9334 3607 3606 3626 9297 9296 9295 9306 9305 3699 3698 3697 3694 3693 3734 3735 3736 3737 3758 3757 3756 3755 3768 3769 3770 9267 9266 9265 3796 3795 9259 9258 3806 3807 3808 3809 3810 4020 4019 4024 3850 3853 3854 3855 3856 8650 5269 5266 5265 5264 5263 5262 5261 5260 5256 5188 5187 5186 8699 5174 5173 5170 7907 7908 7728 7729 7735 7736 7737 7738 7899 7746 7747 7322 7323 8286 8209 8234 8227 8226 8225
955 948 949 982 975 976 710 1207 1210 579 576 575 1236 1237 562 561 1764 1761 1760 1759 1758 1819 1820 1598 1599 5723 5722 1606 1607 6121 5726 5736 5735 5734 1621 1622 1623 9723 9722 9721 1631 3596 3595 3594 9335 3604 3605 3627 9298 9299 9300 9301 9304 9307 9308 9309 9310 3692 3691 3742 3739 3738 3759 3760 3761 3754 3753 3752 3771 3772 3773 9285 9286 3794 3793 9256 9257 3816 3815 9263 3811 4021 4022 4023 3849 3848 8594 8593 5280 5279 5270 5271 5272 7206 7205 7202 7201 5259 5257 5258 5184 5185 5176 5175 5172 5171 7906 7905 7904 7730 7731 7741 7740 7739 7900 7745 7901 7321 7320 8285 8210 8211 8249 8219 8220
954 951 950 983 974 708 709 1208 1209 580 581 574 565 564 563 1818 1763 1762 1791 1790 1592 1593 1594 1597 5719 5720 5721 5699 5698 5724 5725 5737 5738 5739 6111 6112 1624 1627 1628 1629 1630 3597 3598 3601 3602 3603 3635 3628 9323 9321 9322 9302 9303 9314 9311 3677 3678 3679 3690 3741 3740 3743 3746 3747 3748 3749 3750 3751 5408 3775 3774 9288 9287 3791 3792 9255 3818 3817 3814 3813 3812 4026 3844 3845 3846 3847 8589 8590 5281 5278 5275 5274 5273 7207 7204 7203 7200 7199 7198 5182 5183 5178 5177 8289 7288 7289 7290 7291 7292 7733 7732 7308 7309 7742 7743 7744 7902 7318 7319 8284 8287 8212 8250 8218 8221
953 952 959 960 961 707 1226 1212 1211 583 582 573 566 1815 1814 1813 1784 1785 1792 1789 1591 9726 1595 1596 5703 5702 5701 5700 5697 5696 5695 6118 6119 5740 6110 6113 1625 1626 6115 6101 6096 6097 3599 3600 3636 3633 3634 3629 9324 9320 9319 9318 9317 9313 9312 3676 5989 3680 3689 3688 3687 3744 3745 5409 5402 5403 5404 5406 5407 3776 3787 3788 3789 3790 3821 3820 3819 4031 4030 4029 4028 4027 3843 8571 8572 8573 8588 8591 5282 5277 5276 7235 7234 7208 7209 7210 7285 7286 7197 5181 5180 5179 7191 7190 7287 7182 7181 7294 7293 7734 7306 7307 7310 7903 7314 7315 7316 7317 8255 8254 8288 8213 8214 8217 8222
956 957 958 968 962 706 1225 1213 585 584 571 572 567 1816 1811 1812 1793 1786 1787 1788 1590 1586 1585 1584 5704 5710 5711 5714 5715 5718 5694 6117 5742 5741 6109 6106 6105 6104 6103 6102 6095 6098 6100 3638 3637 3632 3631 3630 9325 3652 3653 9326 9316 9315 3674 3675 5988 3681 3682 3685 3686 5412 5411 5410 5401 5400 5405 3779 3778 3777 3786 8641 8640 8639 3822 3827 3828 3829 3830 3839 3840 3841 3842 8570 8575 8574 8587 8592 5283 5284 7237 7236 7233 7213 7212 7211 7281 7280 7196 7195 7194 7193 7192 7189 7188 7183 7180 7295 7296 7297 7305 7304 7311 7312 7313 8261 8260 8259 8256 8253 8252 8251 8215 8216 8223
971 970 969 967 963 705 704 1214 586 587 570 569 568 1817 1810 1795 1794 1809 1536 1537 1588 1587 1582 1583 5705 5709 5712 5713 5716 5717 5693 5692 5743 6114 6108 6107 5759 5760 5761 6116 6094 6099 3640 3639 9331 3647 3648 3649 3650 3651 3654 3655 9327 9328 3673 6049 5987 5990 3683 3684 5414 5413 5433 5431 5432 5399 5398 3780 3783 3784 3785 8642 8643 8638 3823 3826 3833 3832 3831 3838 8605 8596 8568 8569 8576 8585 8586 5291 5290 5285 5286 7231 7232 7214 7284 7283 7282 7278 7277 7276 7275 7274 7252 7253 7187 7184 7179 7300 7299 7298 7302 7303 8283 8282 8281 8262 8277 8258 8257 8275 8274 7144 7143 7142 8224
972 691 692 966 964 965 703 1215 1220 588 589 592 593 594 595 1796 1797 1798 1535 1538 1589 1580 1581 5707 5706 5708 1573 1572 5688 5689 5690 5691 5744 5745 5746 5747 5758 5757 5762 5763 6093 6092 3641 3642 3645 3646 5942 5941 5943 5944 3657 3656 3670 3671 3672 6050 5986 5991 5992 5997 5415 5426 5427 5430 5394 5395 5397 3781 3782 8516 8517 8518 8519 8637 3824 3825 3834 3835 3836 3837 8598 8597 8567 8566 8577 8578 8595 5292 5289 5288 5287 7230 7216 7215 7241 7242 7243 7279 7247 7248 7249 7250 7251 7254 7186 7185 7178 7301 7174 7173 7170 7169 7168 7167 8280 8263 8276 8267 8268 8269 8273 7145 8312 7141 7140
689 690 693 694 973 701 702 1216 1219 1221 590 591 600 601 596 1803 1802 1799 1534 1539 1540 1579 1578 1577 1576 1575 1574 1571 5687 5686 5685 5684 5683 5871 5872 5748 5749 5756 5765 5764 5766 5767 6091 3643 3644 5938 5939 5940 3660 3659 3658 9330 3669 6053 6052 6051 5985 5984 5993 5996 5416 5425 5428 5429 5393 5396 5389 5388 5385 5384 8634 8633 8520 8521 8524 8525 8526 8527 8604 8603 8599 8563 8564 8565 8582 8579 5294 5293 7240 7239 7238 7229 7217 7218 6999 7000 7244 7245 7246 7273 7272 7271 7270 7255 7256 7269 7177 7176 7175 7172 7171 8290 8291 7166 8279 8264 8265 8266 8271 8270 8272 7146 8311 8313 7139
688 674 673 695 696 700 1223 1217 1218 1222 603 602 599 598 597 1804 1801 1800 1533 9729 1541 9727 1545 1546 1549 1550 1551 1570 1569 6122 5680 5681 5682 5870 5869 5868 5750 5755 5754 5782 5769 5768 5773 5774 6085 5937 6084 5945 3661 3662 3667 3666 3668 6054 5980 5981 5982 5983 5994 5995 5417 5424 5423 5422 5392 5391 5390 5387 5386 5383 8635 8632 8631 8522 8523 8534 8533 8528 8529 8601 8600 8562 8561 8583 8581 8580 5295 5296 7225 7226 7227 7228 7219 6997 6998 7001 7002 7003 7004 7005 7006 7015 7016 7017 7257 7268 7266 7267 7044 7045 7046 8293 8292 7165 7158 7157 7156 8278 7150 7149 7148 7147 8310 8314 7138
687 675 672 671 697 699 1224 607 606 605 604 615 616 9901 620 621 1805 1806 1532 1531 1542 1543 1544 1547 1548 1553 1552 9728 1567 1566 5679 5678 5873 5865 5866 5867 5751 5752 5753 5781 5770 5771 5772 5775 6086 5936 6083 5946 6082 3663 3664 3665 6056 6055 5979 5978 5977 6000 5999 5998 5418 5419 5420 5421 5434 6367 6368 6369 6372 5382 5379 5378 8627 8626 8636 8535 8532 8531 8530 8602 8556 8557 8558 5319 5318 8584 5298 5297 7224 7223 7222 7221 7220 6996 6995 6994 8380 8381 8382 7008 7007 7014 7019 7018 7258 7259 7260 7042 7043 7048 7047 7051 7052 7164 7159 8361 7155 7154 7151 8317 8307 8308 8309 8315 7137
686 676 9898 670 698 666 665 608 609 612 613 614 617 618 619 622 623 1807 1529 1530 1525 1524 6145 6138 6139 1554 1555 1556 1568 1564 1563 5677 5874 5864 5863 5858 5859 5861 5862 5780 5779 5778 5777 5776 5934 5935 5948 5947 6071 6070 6067 6066 6057 6058 6059 6060 5976 6001 5453 5452 5451 5448 5449 5450 5435 6365 6364 6370 6371 5381 5380 5377 8628 8625 8537 8536 8606 8546 8547 8548 8555 8560 8559 5320 5317 5316 5299 5302 5303 5304 6969 6970 6990 6991 6992 6993 8379 8378 8377 7009 7012 7013 7020 7021 7265 7262 7261 7041 7040 7039 7049 7050 7053 7163 7160 8360 8359 7153 7152 8318 8306 8305 8316 7135 7136
685 677 678 669 668 667 664 663 610 611 9899 647 646 645 9900 625 624 1808 1528 1527 1526 1523 1522 6137 6140 6141 6142 1557 1558 1565 1562 5676 5875 5876 5901 5857 5860 5785 5784 5783 5794 5795 6090 6089 5933 5932 5949 6081 6072 6069 6068 6065 6064 6061 5973 5974 5975 6002 5454 5455 5456 5447 5446 5445 5436 6366 6363 6362 6373 6374 6379 5376 8629 8624 8538 8608 8607 8545 8554 8549 8550 5323 5322 5321 8649 5315 5300 5301 5306 5305 6968 6971 6989 6988 6987 6905 6904 6903 6902 7010 7011 7028 7029 7022 7264 7263 7035 7036 7037 7038 8367 8368 7054 7162 7161 8296 8297 8298 8301 8302 8303 8304 7133 7134 8362
683 684 679 658 659 660 661 662 651 650 649 648 643 644 627 626 1514 1513 1515 1516 1517 1520 1521 6136 6132 6131 6143 6144 1559 1560 1561 5675 5674 5877 5900 5856 5855 5786 5791 5792 5793 5796 5797 5798 6087 5931 5950 5951 6073 6074 6077 6078 6063 6062 5972 6007 6004 6003 5477 5476 5457 5458 5459 5444 5437 5438 6360 6361 6388 6375 6378 5375 8630 8623 8539 8540 8543 8544 8553 8552 8551 5324 5325 8648 8647 5314 5313 5312 5307 6967 6966 6972 8383 6985 6986 6906 8411 8410 6901 7027 7026 7025 7024 7023 7030 7033 7034 8375 8371 8370 8366 8369 7055 7056 8294 8295 8345 8299 8300 8358 8320 8319 7132 7129 7128
682 681 680 657 656 655 654 653 652 637 638 639 642 629 628 1510 1511 1512 9734 9733 1518 1519 6135 6134 6133 6130 6127 6126 6123 5660 5661 5662 5673 5878 5879 5880 5854 5787 5790 5902 5903 5904 5800 5799 6088 5930 5955 5952 6080 6075 6076 6079 5969 5970 5971 6006 6005 5479 5478 5475 5472 5473 5460 5443 5442 5439 6359 6386 6387 6376 6377 5374 5373 8615 8614 8541 8542 8609 5349 5348 5345 5344 5326 5327 8646 8645 8644 5311 5308 6964 6965 6973 6974 6975 6908 6907 8412 8409 6900 6897 6896 6895 6894 6893 7031 7032 8376 8374 8372 8373 8365 8364 7058 7057 8339 8336 8335 8334 8323 8322 8321 8357 7131 7130 7127
1241 9894 9893 1250 1251 1252 9889 9890 9891 636 635 640 641 630 9762 1509 9760 9761 9735 9732 9731 9730 1440 1439 6146 6129 6128 6125 6124 5659 5664 5663 5672 5897 5898 5881 5853 5788 5789 5848 5847 5846 5801 5802 5928 5929 5954 5953 5956 5957 5958 5959 5968 5967 6048 6008 6034 5480 5481 5482 5471 5474 5461 6341 5441 5440 6358 6382 6381 6380 5370 5371 5372 8616 8613 8612 8611 8610 5350 5347 5346 5342 5343 5328 5329 5330 5331 5310 5309 6963 6982 6978 6977 6976 6909 8414 8413 8408 6899 6898 8404 8403 6891 6892 6727 6726 6725 6724 6723 6722 6721 7060 7059 8340 8338 8337 8341 8333 8324 8348 8349 8356 8355 8354 7126
1242 9895 9896 1249 9892 1253 9888 9887 9886 9885 634 633 632 631 1507 1508 9759 9758 9736 1444 1443 1442 1441 1438 6147 6150 6151 6152 6153 5658 5665 5670 5671 5896 5899 5882 5852 5851 5850 5849 5838 5839 5804 5803 5927 5541 5540 5539 5538 5537 5536 5960 5965 5966 6047 6009 6033 6032 6031 5483 5470 5469 5462 6340 6339 6338 6337 6383 6384 6385 5369 8619 8618 8617 8620 8621 8622 5352 5351 6466 6467 5341 5340 5339 5334 5333 5332 8385 8384 6962 6980 6979 6983 6984 6910 6911 6912 8398 8399 8400 8401 8402 6890 6729 6728 6715 6716 6717 6718 6719 6720 7061 7062 7065 7066 8344 8342 8332 8325 8347 8350 8351 8352 8353 7125
1243 1244 9897 1248 1255 1254 1263 1264 1267 1268 1269 1504 1503 1502 1501 1500 9756 9757 9737 1445 1446 9763 9764 1437 6148 1417 1416 1415 6154 5657 5666 5669 5894 5895 5884 5883 5888 5834 5835 5836 5837 5840 5805 5806 5807 5542 5543 5550 5549 5548 5535 5961 5964 6012 6011 6010 6026 6027 6030 5484 6357 5468 5463 5464 6342 6334 6335 6322 6321 6320 5368 5367 5366 5359 5358 5357 5356 5353 6464 6465 6468 6477 6478 5338 5335 6949 6943 6942 6950 6951 6981 6924 6923 6922 8392 8393 6913 6870 6871 8405 6885 6886 6889 6730 8433 6714 6713 6712 6709 6708 6707 6706 7063 7064 7067 7068 8343 8327 8326 8346 7093 7094 7107 7108 7109
9877 1245 1246 1247 1256 1261 1262 1265 1266 1271 1270 1505 1506 1497 1498 1499 9740 9739 9738 9747 1447 1434 1435 1436 6149 1418 1419 1414 5655 5656 5667 5668 5893 5892 5885 5886 5887 5833 5844 5843 5842 5841 5810 5809 5808 5551 5544 5545 5546 5547 5534 5962 5963 6013 6035 6024 6025 6028 6029 5485 6356 5467 5466 5465 6343 6333 6336 6323 6326 6319 6318 5364 5365 5360 6392 6393 5355 5354 6463 8463 6469 6476 6475 5337 5336 6945 6944 6941 6961 6952 6926 6925 6920 6921 6916 6915 6914 6869 6872 8406 6884 6887 6888 6731 6732 6776 6777 6711 6710 6795 6794 6705 7080 7079 7081 7069 7070 8328 8329 7091 7092 7095 7106 7105 7110
9876 9848 9849 9850 1257 1260 9884 1274 1273 1272 1493 1494 1495 1496 9753 9752 9741 9742 9745 9746 1448 1433 1424 1423 1422 1421 1420 1413 5654 5653 5652 5651 5650 5891 5890 5889 5831 5832 5821 5820 5819 5845 5811 5812 5813 5552 5527 5528 5529 5530 5533 6045 6044 6014 6036 6023 5491 5490 5487 5486 6349 6348 6347 6345 6344 6332 6331 6324 6325 6316 6317 5363 5362 5361 6391 6394 6456 6457 6462 6461 6470 6473 6474 6479 6947 6946 6948 6940 6954 6953 6927 6928 6919 6918 6917 8394 8397 6868 6873 8407 6883 6736 6735 6734 6733 6775 6778 6779 6780 6781 6793 6704 6703 7078 7082 7083 7071 8331 8330 7090 7089 7096 7097 7104 7111
9878 9847 9846 9851 1258 1259 1276 1275 1489 1488 1492 1468 1467 9755 9754 9751 9748 9743 9744 1450 1449 1432 1425 1426 1405 1406 9765 1412 1411 5646 5647 5648 5649 5631 5630 5629 5830 5823 5822 5911 5818 5817 5816 5815 5814 5553 5526 5525 5524 5531 5532 6042 6043 6015 6037 6022 5492 5489 5488 6351 6350 6264 6265 6346 6269 6270 6271 6328 6327 6315 6314 6313 6312 6389 6390 6395 6455 6458 6459 6460 6471 6472 6493 6480 6481 6482 6483 6939 6955 6956 6957 6929 6857 6858 6859 8395 8396 6867 6874 6879 6880 6737 6772 6769 6768 6774 6797 6796 6783 6782 6787 6788 6702 7077 7076 7073 7072 7085 7086 7087 7088 7099 7098 7103 7112
9879 9882 9845 9852 9853 9854 1277 1491 1490 1487 1470 1469 1466 1465 1464 1463 9749 1454 1453 1451 1452 1431 1430 1427 1404 1407 1408 1409 1410 5645 5642 5641 5640 5632 5635 5628 5829 5824 5825 5910 5909 5912 5913 5922 5923 5554 5559 5558 5523 5522 6041 6040 6039 6016 6020 6021 5493 5494 6353 6352 6354 6263 6266 6267 6268 8493 6272 6329 6330 6302 6303 6304 6311 8485 6397 6396 6454 6453 6452 6495 6494 6491 6492 6487 6486 6485 6484 6938 6937 6959 6958 6930 6856 6861 6860 6862 6863 6866 6875 6878 6881 6738 6771 6770 6767 6798 6759 6758 6784 6785 6786 6789 6701 7084 7075 7074 6688 6687 6686 6685 8363 7100 7101 7102 7113
9880 9881 9844 9859 9858 9855 1278 1279 1485 1486 1471 1472 1473 1480 1479 1462 9750 1455 1349 1350 1351 1352 1429 1428 1403 1402 1401 1400 6155 5644 5643 1386 1385 5633 5634 5627 5828 5827 5826 5905 5908 5915 5914 5921 5920 5555 5556 5557 5560 5521 5520 6046 6038 6017 6018 5501 5500 5495 6254 6255 6355 6262 8492 8491 8490 6274 6273 6299 6300 6301 6306 6305 6310 6399 6398 8465 8464 6450 6451 6496 6497 6490 6489 6488 8391 8390 8389 8386 6936 6960 6932 6931 6855 6854 6853 8415 6864 6865 6876 6877 6882 6739 6740 6773 6766 6761 6760 6757 6756 6792 6791 6790 6700 6697 6696 6690 6689 8434 8435 6684 6683 7122 7123 7124 7114
9841 9842 9843 9860 9857 9856 9875 1280 1484 1483 1482 1481 1474 1475 1478 1461 1457 1456 1348 9820 9819 1353 1354 1361 1362 1363 9766 1399 1398 1397 1396 1387 1384 1383 5636 5626 5625 5624 5926 5906 5907 5916 5917 5918 5919 5562 5561 5516 5517 5518 5519 5508 5507 5506 6019 5502 5499 5496 6253 6256 6257 6261 6233 6232 8489 6275 6276 6298 6413 6412 6307 6308 6309 6400 8477 8466 8467 6449 6448 6447 6498 6499 6500 8456 6531 6532 8388 8387 6935 6934 6933 6849 6850 6851 6852 8416 6812 6811 6810 6809 6808 6807 6741 6742 6765 6762 6751 6752 6755 6593 6594 6595 6699 6698 6695 6691 6622 6623 6624 6625 6682 7121 7119 7118 7115
9839 9838 9872 9861 9862 9873 9874 1281 1304 1305 1306 1316 1317 1476 1477 1460 1458 1459 1347 1346 1345 1356 1355 1360 9818 1364 9767 9778 9779 1394 1395 1388 1389 1382 5637 5638 5639 5623 5622 5621 5925 5924 5566 5565 5564 5563 8515 5515 5512 5511 5510 5509 8501 5505 5504 5503 5498 5497 6252 6259 6258 6260 6234 6231 6230 6278 6277 6297 6414 6411 6415 6416 6417 6401 8476 8475 8468 6444 6445 6446 6513 6512 6501 8457 6530 6533 6536 6537 6843 6844 6847 6848 6823 6822 6821 6820 6813 8422 8421 8423 6805 6806 8432 6743 6764 6763 6750 6753 6754 6592 6591 6596 6597 6598 6693 6692 6621 6655 6654 6626 6681 6680 7120 7117 7116
9840 9837 9870 9871 9863 1286 1285 1282 1303 1310 1307 1315 1318 1319 1322 1323 1326 1327 1328 1329 1344 1357 1358 1359 9817 1365 9768 9777 9780 1393 1392 1391 1390 1381 5613 5614 5617 5618 5619 5620 5569 5568 5567 8514 8513 8512 8511 5514 5513 6197 6196 6198 8500 8499 8497 8496 8495 8494 6251 6238 6237 6236 6235 8502 6229 6279 8486 6296 6295 6410 6409 6406 6405 6402 8473 8474 8469 6443 8461 8460 6514 6511 6502 8458 6529 6534 6535 6538 6842 6845 6846 6825 6824 6837 6818 6819 6814 8419 8420 8424 6804 8430 8431 6744 6747 6748 6749 6583 6584 8451 6590 6605 6600 6599 6694 6619 6620 6656 6653 6627 8436 6679 6676 6675 6674
9835 9836 9868 9867 9864 1287 1284 1283 1302 1309 1308 1314 9813 1320 1321 1324 1325 9801 1331 1330 1343 1342 1341 1340 9816 1366 9769 9776 9775 1376 1377 1378 1379 1380 5612 5615 5616 5587 5586 6156 5570 5571 6161 6162 6163 6168 6169 6192 6193 6194 6195 6199 6200 6201 8498 6205 6206 6249 6250 6239 6240 6217 6218 6219 6228 6280 6281 8487 6294 6293 6408 6407 6404 6403 8472 8471 8470 6442 6441 8459 6515 6510 6503 6504 6528 6541 6540 6539 6841 6840 6839 6826 6827 6836 6817 6816 6815 8418 8426 8425 6803 6800 6799 6745 6746 6580 6581 6582 6585 6588 6589 6604 6601 6616 6617 6618 6650 6651 6652 6628 6629 6678 6677 6665 6666
9831 9830 9869 9866 9865 1288 1289 1290 1301 1311 1312 1313 9811 9812 9802 9797 9798 9800 1332 1333 1334 1335 9821 1339 9815 1367 9770 9771 9772 1375 5608 5604 5605 5606 5597 5596 5589 5588 5585 5584 5573 5572 6160 6159 6164 6167 6170 6191 6190 6187 6186 6185 6184 6202 6203 6204 6207 6248 6243 6242 6241 6216 6221 6220 6227 6283 6282 8488 6291 6292 6418 8483 8482 8484 8478 6431 6432 6433 6440 6517 6516 6509 8462 6505 6527 6542 6549 6548 6550 8417 6838 6829 6828 6835 6834 6561 6562 8429 8427 8428 6802 6801 6576 6577 6578 6579 8448 8449 6586 6587 6606 6603 6602 6615 6647 6648 6649 6638 6636 6637 6630 6662 6663 6664 6667
9832 9829 9828 9825 9824 9823 1292 1291 1300 1299 1298 9808 9805 9804 9803 9796 9799 9792 9791 9788 9787 1336 1337 1338 9814 1368 1369 9774 9773 1374 5609 5603 5602 5607 5598 5595 5590 5593 5582 5583 5574 5575 5576 6158 6165 6166 6171 6176 6177 6188 6189 6182 6183 8507 8506 8505 6208 6247 6244 6245 6246 6215 6222 6223 6226 6284 6289 6288 6290 6424 6419 6420 8481 8480 8479 6430 6435 6434 6439 6518 6521 6508 6507 6506 6526 6543 6544 6547 6551 6552 6553 6830 6831 6832 6833 6560 6563 6564 6567 6568 6571 6572 6575 8446 8444 8445 8440 8439 8450 6608 6607 6612 6613 6614 6646 6643 6642 6639 6635 6634 6631 6661 6672 6673 6668
9833 9834 9827 9826 9883 9822 1293 1294 1295 1296 1297 9807 9806 9809 9810 9795 9794 9793 9790 9789 9786 9785 9784 9783 9782 9781 1370 1371 1372 1373 5610 5611 5601 5600 5599 5594 5591 5592 5581 5580 5579 5578 5577 6157 6174 6173 6172 6175 6178 6179 6180 6181 8510 8508 8509 8504 6209 6210 6211 6212 6213 6214 8503 6224 6225 6285 6286 6287 6425 6423 6422 6421 6426 6427 6428 6429 6436 6437 6438 6519 6520 6522 6523 6524 6525 8455 6545 6546 8454 8453 6554 6555 6556 6557 6558 6559 8452 6565 6566 6569 6570 6573 6574 8447 8443 8442 8441 8438 8437 6609 6610 6611 6658 6657 6645 6644 6641 6640 6659 6633 6632 6660 6671 6670 6669
