20 20
39 38 37 36 35 34 33 32 31 30 29 28 27 26 25 24 23 22 21 20
38 37 36 35 34 33 32 31 30 29 28 27 26 25 24 23 22 21 20 19
37 36 35 34 33 32 31 30 29 28 27 26 25 24 23 22 21 20 19 18
36 35 34 33 32 31 30 29 28 27 26 25 24 23 22 21 20 19 18 17
35 34 33 32 31 30 29 28 27 26 25 24 23 22 21 20 19 18 17 16
34 33 32 31 30 29 28 27 26 25 24 23 22 21 20 19 18 17 16 15
33 32 31 30 29 28 27 26 25 24 23 22 21 20 19 18 17 16 15 14
32 31 30 29 28 27 26 25 24 23 22 21 20 19 18 17 16 15 14 13
31 30 29 28 27 26 25 24 23 22 21 20 19 18 17 16 15 14 13 12
30 29 28 27 26 25 24 23 22 21 20 19 18 17 16 15 14 13 12 11
29 28 27 26 25 24 23 22 21 20 19 18 17 16 15 14 13 12 11 10
28 27 26 25 24 23 22 21 20 19 18 17 16 15 14 13 12 11 10 9
27 26 25 24 23 22 21 20 19 18 17 16 15 14 13 12 11 10 9 8
26 25 24 23 22 21 20 19 18 17 16 15 14 13 12 11 10 9 8 7
25 24 23 22 21 20 19 18 17 16 15 14 13 12 11 10 9 8 7 6
24 23 22 21 20 19 18 17 16 15 14 13 12 11 10 9 8 7 6 5
23 22 21 20 19 18 17 16 15 14 13 12 11 10 9 8 7 6 5 4
22 21 20 19 18 17 16 15 14 13 12 11 10 9 8 7 6 5 4 3
21 20 19 18 17 16 15 14 13 12 11 10 9 8 7 6 5 4 3 2
20 19 18 17 16 15 14 13 12 11 10 9 8 7 6 5 4 3 2 1
