20 20
4 14 1 4 6 10 10 10 9 11 12 1 6 10 12 1 5 7 4 3
10 15 6 7 13 8 8 6 8 3 12 3 10 7 6 12 13 6 4 11
6 6 4 11 13 11 6 5 12 3 3 5 3 7 12 2 11 14 12 1
12 6 3 8 3 3 9 2 13 14 13 13 4 6 1 9 5 11 13 6
6 9 12 7 15 2 7 9 6 6 9 12 6 7 13 4 4 2 3 8
3 4 15 10 4 4 7 9 5 6 4 9 7 11 6 6 10 15 8 2
3 8 8 7 7 12 15 4 13 2 8 10 12 2 8 15 10 14 8 4
9 8 2 10 4 10 13 15 8 9 12 8 12 10 10 9 1 8 4 13
7 2 4 11 11 5 8 10 15 9 9 14 11 15 3 9 6 7 13 4
14 7 4 12 5 13 3 12 4 11 12 5 9 4 11 5 13 4 2 9
4 12 4 9 12 14 7 9 7 6 2 10 3 2 11 1 10 9 2 3
11 4 12 8 9 15 3 1 11 2 10 12 2 14 13 4 13 10 2 13
2 11 8 15 2 13 12 5 8 15 6 10 5 5 11 7 1 2 2 3
9 1 2 1 9 3 3 8 4 5 8 14 12 4 13 1 6 2 2 5
8 15 15 14 15 1 9 14 3 8 14 7 1 1 13 11 14 2 8 11
5 13 13 14 9 6 11 10 4 5 6 1 4 15 14 9 5 15 14 15
12 4 1 1 15 1 7 8 3 12 8 14 14 12 13 4 15 5 7 14
15 1 2 1 8 7 3 9 2 2 4 11 1 4 5 10 5 6 11 14
1 13 15 12 2 5 11 13 8 6 12 9 1 2 1 3 7 13 11 13
10 8 10 3 12 15 5 12 1 4 9 10 12 9 11 10 8 4 7 12
