22 22
480 310 311 479 478 477 320 321 467 468 1 40 41 42 98 95 93 94 89 86 87 88
308 309 312 316 317 318 319 322 466 465 38 39 472 43 97 96 92 91 90 85 84 83
307 314 313 315 340 339 475 323 463 464 469 470 471 44 45 46 99 72 73 100 101 82
306 303 302 342 341 338 325 324 462 461 460 459 50 49 48 47 70 71 74 75 76 81
305 304 301 343 336 337 326 327 328 367 368 458 51 68 67 66 65 64 63 62 77 80
298 299 300 344 335 334 333 476 329 366 369 370 52 53 69 57 58 59 60 61 78 79
297 296 348 345 474 473 332 331 330 365 364 371 406 54 55 56 400 399 398 104 103 102
294 295 347 346 349 350 351 360 361 362 363 372 405 404 403 402 401 395 396 105 108 109
293 292 291 290 354 353 352 359 257 256 374 373 407 390 391 392 393 394 397 106 107 110
481 505 506 289 355 358 260 259 258 255 375 376 408 387 386 410 409 115 114 113 112 111
482 284 285 286 356 357 261 244 245 254 378 377 379 388 385 411 414 116 519 515 513 514
483 283 288 287 264 263 262 243 246 253 252 452 380 389 384 412 413 117 118 516 512 511
484 282 281 266 265 272 273 242 247 248 251 451 381 382 383 145 144 120 119 517 518 510
485 488 280 267 270 271 240 241 456 249 250 450 416 415 147 146 143 121 520 125 126 127
486 487 279 268 269 274 239 238 455 454 453 449 417 457 148 508 142 122 123 124 509 128
489 222 223 224 278 275 276 237 445 446 447 448 418 150 149 139 140 141 132 131 130 129
490 221 228 225 230 231 277 236 444 424 423 422 419 151 154 138 135 134 133 190 189 188
491 220 227 226 229 232 234 235 443 425 426 421 420 152 153 137 136 174 175 191 192 187
492 219 218 213 212 233 208 207 429 428 427 442 437 438 155 158 159 173 176 177 178 186
493 498 217 214 211 210 209 206 430 431 432 433 436 439 156 157 160 171 170 169 179 180
494 497 216 215 504 503 204 205 200 199 198 434 435 440 441 162 161 172 167 168 182 181
495 496 499 500 501 502 203 202 201 507 197 196 195 194 193 163 164 165 166 184 183 185
