20 40
298479747 374556303 877893146 279309183 73000867 324386693 255209591 940212296 504755417 615751571 525222944 652443834 77878369 893245641 45652412 316136064 162339603 790269769 702686917 447399411 615366851 610070727 526096522 712218528 803763784 890234963 421720455 721155336 553107815 296068119 634626646 562112556 162629917 141164333 496546533 592244851 818126055 805163096 483813224 824649781
586049454 292979633 264444822 50262237 692519338 867461189 484708906 157149170 738911425 417695827 255886340 172066831 166642510 374143692 617065644 138764031 732997810 954802274 354723742 856431012 139054926 598015333 417794757 607542627 276225355 871134411 782788992 264001100 112319824 418104757 794387593 249527987 497618270 829516985 176908247 870875580 596385823 337327263 937471759 621638735
277141442 587806156 191877326 482816060 182154676 328523861 200709722 781516292 513703775 317501193 66560827 653825654 575592293 35276016 515476286 940462759 40093738 725936491 897455860 627063968 130875957 415932126 811531665 921301167 763794718 168921298 572297830 335427557 653930140 784612296 663440569 5888861 347260360 920764862 434456405 999060301 900892176 353342281 517311444 399065227
765301528 969862065 583954322 425739608 600584572 26996903 998645667 256822656 734155041 415920200 471083933 286876703 120306216 10414557 164926907 851546600 304354802 94616543 518177113 963293398 595085517 21730770 835356393 964516465 960219913 701624759 735292557 686952285 832023487 661281831 274994789 105138075 342563667 571378693 440708360 30129241 68981462 484177572 939773269 656316479
165449411 501240106 846211120 995917847 139171908 186245165 391152392 957563336 603206345 572184009 703417030 480044281 186862457 753038984 660981808 693788187 911160552 663566771 228791604 811977675 606658046 29113374 852476546 489554633 596355608 435909106 296062857 107195188 82330894 620062339 465192079 124211483 803247100 688096606 684581240 871571621 690836619 917228853 84823618 297004225
206837198 173327052 871799399 802380138 597080845 405383426 354964871 640497515 163561306 93198747 225959328 118722138 862085800 686956856 173297770 733294283 345677851 459929005 665796857 724457082 439661100 80131931 66906226 909273271 706667599 325100085 451379622 10505234 933176299 255611694 497843247 663575395 157931126 788223158 393630291 684717363 955732997 829104731 890464362 276661057
142702751 37291127 475960516 821278830 846048225 993814823 252217106 912250463 570423775 151606279 183492263 529447704 513865227 682718937 330196037 138277351 986322658 755672807 756063521 840896553 755720960 300248442 212814955 212476380 734714060 814996861 912914247 464788246 248973538 677197736 174908156 273205563 701634605 539332549 929898715 15029702 708185025 166956256 731714285 841226019
471576025 109731747 249748269 429492559 401976783 48233727 39477736 785247591 831498879 916211129 157237832 884916921 119162762 685861812 874364687 976761199 133534162 105483141 312168961 345189628 419513256 366380680 13853387 637998537 591786051 114247210 469197601 838403083 20059499 263232136 185788058 366092915 681719479 886685844 612562551 833232543 85097030 870154537 489096028 922167096
2638148 262199882 876064931 921501003 555313023 894913045 620266729 392801350 556412938 526966076 13277394 655678272 181681583 187918581 65743166 772806478 394714932 718742036 413886511 231736414 722106613 474725694 232058907 268065359 816149317 780005492 866708708 621298665 218830544 351425323 201786002 912521309 975073986 514451986 186691689 949643986 179365750 470825829 410387759 85115011
162475014 593742514 338418599 777042422 960666325 618705305 985582214 7221089 633468877 795784179 5543959 911939951 918474850 228005431 568475686 770968784 600522664 902642663 153467149 795194462 542453743 20197331 119036972 751341638 35799844 702241497 783884652 200330713 265201794 88085039 633003818 755896449 296788494 894748903 479690460 155154217 876104815 847194326 379826951 919448319
986880179 475888538 583784975 570694452 87962267 540716249 919138024 536566852 750145013 22195122 727966364 803828929 527605917 492430459 896322983 756987116 222994822 933881910 767587401 719591203 541046800 304022888 287203407 418029401 976263725 726995066 319514012 480132222 782192725 321319322 131889269 763739792 994559241 703715087 458533821 624324795 328177724 599119740 297200365 784289948
863417261 674168376 671244234 278894342 242670861 286620286 332542788 473486913 568559846 401418772 928798872 726837228 320471242 463255748 143663857 53311365 469312804 736325184 954569136 577471753 826801341 738042630 99315363 899702389 51557660 416996865 986159722 506011001 493201085 279377122 354935331 36516337 948817501 772967009 409310373 678533357 686613219 969194838 261351710 676080907
156435142 856515603 383534723 322322202 358252327 820327983 889087616 240410498 144634525 836565443 527649476 147308495 85519676 721357706 48327102 561618833 146033060 821576428 418121450 270788593 840468702 879640325 844852913 948399359 283526836 501437012 815137758 373064961 149159653 826993802 943243082 191089921 709821488 374593893 803858117 422702404 34256363 316908239 719374577 146895452
169278121 789033801 893690222 217771768 261982898 619601789 212322323 208945878 321208455 993811767 729044985 627970032 406365993 463051664 994217261 346509185 463907702 948900539 823832756 725676394 654294969 197853180 96751599 458548214 362720824 378574890 2961026 563401893 294856975 997441316 560493765 198020860 972119914 86823636 47280238 613684002 950751893 385143262 790525097 474777129
848955406 738161524 434480492 753499318 228252415 368063040 150919031 587217766 794603002 784306987 897196521 667165944 52007665 71841234 134141213 757539729 144990221 507301586 389292099 694240792 763592664 548992468 227325191 216293772 963340713 830586324 916122532 784712597 464454831 626804579 471076942 208653837 535811792 511595547 503465828 672680419 751598526 123339410 372531657 191076018
577740051 329040919 519262310 111758758 520848658 540720605 266270393 51827099 354829507 49863246 438729439 627605011 624508567 200246979 30372490 468361421 237529244 301746072 656264897 488444790 856817428 739215897 517287140 106993813 399990405 979967372 990387669 855916065 947477553 885388958 341077058 685939809 688142151 950298611 244499049 901372393 100670654 754982764 236155775 438000898
924763616 350598552 188139136 176242835 501511332 260716661 274628046 191127203 156669977 152313684 490559546 951382122 494442078 634833137 538625812 874918313 542194332 591861137 617892822 613155930 284690216 784031859 780962334 723052675 399890911 490149366 800397454 619322586 665980183 272553492 645345576 930674844 862043325 624376963 504115101 509753141 936413868 451427886 141066300 340534032
774807199 537345792 929018957 184437816 732500889 386862118 274761819 717986391 457007147 25629577 478748274 992002677 596989613 931290038 735219620 709098737 372511441 539149490 867137875 33029055 532957316 891666629 885252315 302733761 352176172 334280730 300787806 68946679 961710262 456589180 990387922 333195657 845560486 173755888 872419760 263432607 731354330 263036111 737278522 777937610
317202587 357388845 108008738 683287670 166834612 881981472 591671038 516731322 848403178 668188961 377590450 380288338 903271994 972043179 886420117 631182134 606254304 776019520 336354351 506597612 586798357 54919692 542502951 816817620 907820007 124534882 786331579 27683416 660929786 445345636 351571350 500945373 87564528 729373834 529530352 180219843 269516666 718787965 867931976 122296791
539059015 494759677 204575805 982553621 8542399 618412941 470437403 761447947 993444591 391535148 35547744 6891521 477532620 805982386 547967430 591654043 768070660 843362864 320476576 142093505 751691441 682397328 880317688 303263632 292850822 430173069 455739481 428448687 833941366 894843048 696684691 437829932 176697385 195910949 113551385 160116732 127403716 367754822 780990343 758440093
