1
512
1 3
3 5
5 7
7 9
9 11
11 13
13 15
15 17
17 19
19 21
21 23
23 25
25 27
27 29
29 31
31 33
33 35
35 37
37 39
39 41
41 43
43 45
45 47
47 49
49 51
51 53
53 55
55 57
57 59
59 61
61 63
63 65
65 67
67 69
69 71
71 73
73 75
75 77
77 79
79 81
81 83
83 85
85 87
87 89
89 91
91 93
93 95
95 97
97 99
99 101
101 103
103 105
105 107
107 109
109 111
111 113
113 115
115 117
117 119
119 121
121 123
123 125
125 127
127 129
129 131
131 133
133 135
135 137
137 139
139 141
141 143
143 145
145 147
147 149
149 151
151 153
153 155
155 157
157 159
159 161
161 163
163 165
165 167
167 169
169 171
171 173
173 175
175 177
177 179
179 181
181 183
183 185
185 187
187 189
189 191
191 193
193 195
195 197
197 199
199 201
201 203
203 205
205 207
207 209
209 211
211 213
213 215
215 217
217 219
219 221
221 223
223 225
225 227
227 229
229 231
231 233
233 235
235 237
237 239
239 241
241 243
243 245
245 247
247 249
249 251
251 253
253 255
255 257
257 259
259 261
261 263
263 265
265 267
267 269
269 271
271 273
273 275
275 277
277 279
279 281
281 283
283 285
285 287
287 289
289 291
291 293
293 295
295 297
297 299
299 301
301 303
303 305
305 307
307 309
309 311
311 313
313 315
315 317
317 319
319 321
321 323
323 325
325 327
327 329
329 331
331 333
333 335
335 337
337 339
339 341
341 343
343 345
345 347
347 349
349 351
351 353
353 355
355 357
357 359
359 361
361 363
363 365
365 367
367 369
369 371
371 373
373 375
375 377
377 379
379 381
381 383
383 385
385 387
387 389
389 391
391 393
393 395
395 397
397 399
399 401
401 403
403 405
405 407
407 409
409 411
411 413
413 415
415 417
417 419
419 421
421 423
423 425
425 427
427 429
429 431
431 433
433 435
435 437
437 439
439 441
441 443
443 445
445 447
447 449
449 451
451 453
453 455
455 457
457 459
459 461
461 463
463 465
465 467
467 469
469 471
471 473
473 475
475 477
477 479
479 481
481 483
483 485
485 487
487 489
489 491
491 493
493 495
495 497
497 499
499 501
501 503
503 505
505 507
507 509
509 511
511 1
1 5
5 9
9 13
13 17
17 21
21 25
25 29
29 33
33 37
37 41
41 45
45 49
49 53
53 57
57 61
61 65
65 69
69 73
73 77
77 81
81 85
85 89
89 93
93 97
97 101
101 105
105 109
109 113
113 117
117 121
121 125
125 129
129 133
133 137
137 141
141 145
145 149
149 153
153 157
157 161
161 165
165 169
169 173
173 177
177 181
181 185
185 189
189 193
193 197
197 201
201 205
205 209
209 213
213 217
217 221
221 225
225 229
229 233
233 237
237 241
241 245
245 249
249 253
253 257
257 261
261 265
265 269
269 273
273 277
277 281
281 285
285 289
289 293
293 297
297 301
301 305
305 309
309 313
313 317
317 321
321 325
325 329
329 333
333 337
337 341
341 345
345 349
349 353
353 357
357 361
361 365
365 369
369 373
373 377
377 381
381 385
385 389
389 393
393 397
397 401
401 405
405 409
409 413
413 417
417 421
421 425
425 429
429 433
433 437
437 441
441 445
445 449
449 453
453 457
457 461
461 465
465 469
469 473
473 477
477 481
481 485
485 489
489 493
493 497
497 501
501 505
505 509
509 1
1 9
9 17
17 25
25 33
33 41
41 49
49 57
57 65
65 73
73 81
81 89
89 97
97 105
105 113
113 121
121 129
129 137
137 145
145 153
153 161
161 169
169 177
177 185
185 193
193 201
201 209
209 217
217 225
225 233
233 241
241 249
249 257
257 265
265 273
273 281
281 289
289 297
297 305
305 313
313 321
321 329
329 337
337 345
345 353
353 361
361 369
369 377
377 385
385 393
393 401
401 409
409 417
417 425
425 433
433 441
441 449
449 457
457 465
465 473
473 481
481 489
489 497
497 505
505 1
1 17
17 33
33 49
49 65
65 81
81 97
97 113
113 129
129 145
145 161
161 177
177 193
193 209
209 225
225 241
241 257
257 273
273 289
289 305
305 321
321 337
337 353
353 369
369 385
385 401
401 417
417 433
433 449
449 465
465 481
481 497
497 1
1 33
33 65
65 97
97 129
129 161
161 193
193 225
225 257
257 289
289 321
321 353
353 385
385 417
417 449
449 481
481 1
1 65
65 129
129 193
193 257
257 321
321 385
385 449
449 1
1 129
129 257
257 385
385 1
1 257
129 385
