5
187
53 61
53 170
53 94
53 58
4 53
30 53
17 53
26 53
53 141
53 69
3 53
53 142
53 159
1 53
53 158
53 86
53 78
11 53
53 63
7 53
53 71
53 173
53 143
53 140
39 53
53 99
25 53
53 144
53 161
42 53
36 53
53 127
53 59
45 53
21 53
53 79
53 84
53 110
53 93
53 117
53 184
43 53
53 121
53 55
14 53
53 85
20 53
53 64
53 186
31 53
53 137
53 134
9 53
53 92
53 147
53 156
53 74
53 96
34 53
53 100
53 165
53 105
53 103
53 126
53 56
53 109
38 53
53 75
41 53
53 116
53 181
53 182
53 87
53 57
53 168
53 77
53 138
53 169
8 53
53 187
50 53
53 183
18 53
53 132
36 166
53 82
53 157
53 113
51 53
53 106
53 174
53 125
53 160
53 95
12 53
53 66
53 171
53 122
10 53
53 177
53 185
40 53
19 53
53 155
53 164
53 62
53 172
53 108
53 130
23 53
53 73
53 146
53 80
53 91
44 53
16 53
53 90
53 179
48 53
13 53
15 53
53 129
53 118
53 166
53 102
53 151
35 53
53 119
33 53
53 135
53 112
53 176
53 81
53 104
49 53
47 53
24 53
53 114
53 98
53 97
22 53
46 53
2 53
27 53
28 53
53 139
53 152
53 131
5 53
53 115
53 123
53 65
53 178
53 111
53 68
53 133
29 53
53 124
53 76
53 72
53 128
53 67
53 162
32 53
37 53
53 89
53 101
53 107
53 120
53 88
6 53
53 136
53 149
53 154
53 145
53 153
53 83
53 175
53 148
53 180
53 163
53 150
53 70
53 167
53 60
105
66 74
34 74
26 74
53 74
74 87
5 74
40 74
74 93
27 74
70 74
24 74
31 74
74 83
74 80
69 74
10 74
35 74
74 100
30 74
71 74
29 74
72 74
22 74
74 89
3 74
43 74
21 74
74 88
2 74
25 74
15 74
11 74
74 95
60 74
74 92
4 74
45 74
19 74
64 74
51 74
8 74
32 74
23 74
52 74
20 74
49 74
33 74
1 74
74 99
61 74
62 74
74 84
74 103
74 104
9 74
74 85
74 91
65 74
14 74
36 74
59 74
42 74
74 81
68 74
13 74
7 74
28 74
74 86
50 74
67 74
74 77
57 74
74 78
56 74
38 74
74 102
63 74
74 90
17 74
48 74
12 74
18 74
47 96
16 74
74 96
44 74
74 101
54 74
74 98
74 94
55 74
41 74
74 76
74 105
37 74
58 74
74 97
74 82
39 74
47 74
6 74
46 74
74 79
150
97 114
97 119
20 97
7 97
89 97
81 97
37 97
1 97
74 97
71 97
23 97
97 106
72 97
9 97
8 97
67 97
97 123
53 97
27 97
22 97
64 97
97 148
97 104
97 131
4 97
47 97
97 117
83 97
2 97
46 97
11 97
97 125
97 107
16 97
92 97
60 97
17 97
97 127
65 97
42 97
90 97
97 142
44 97
97 144
97 118
97 113
66 97
68 97
94 97
97 143
21 97
26 97
97 124
97 122
62 97
87 97
30 97
40 97
97 128
97 130
56 97
97 138
80 97
97 149
73 97
79 97
50 97
97 141
54 97
97 115
41 97
97 102
97 146
97 134
48 97
59 97
93 97
6 97
97 111
97 116
5 97
31 97
97 100
38 97
29 97
78 97
33 97
97 132
76 97
18 97
14 97
75 97
77 97
97 110
63 97
13 97
82 97
69 97
97 126
97 101
88 97
97 133
36 97
43 97
70 97
97 112
97 103
25 97
32 97
51 97
97 145
97 136
22 72
97 135
12 97
97 150
91 97
97 129
28 97
85 97
97 121
97 109
45 97
97 105
97 108
86 97
35 97
10 97
97 139
52 97
61 97
97 137
19 97
49 97
58 97
24 97
97 120
34 97
97 147
95 97
97 99
3 97
57 97
15 97
39 97
84 97
97 140
55 97
125
58 109
43 58
58 81
49 58
58 88
58 78
41 58
58 68
50 58
58 101
58 63
26 58
54 58
58 87
42 58
28 58
58 77
18 58
40 58
33 58
58 111
5 58
58 76
56 58
15 58
36 58
58 94
32 58
21 58
58 103
44 58
12 58
58 125
52 58
22 58
23 58
58 116
58 110
58 118
58 97
47 58
58 74
58 69
16 58
3 58
6 58
58 108
24 58
58 120
58 66
58 71
58 86
58 99
58 61
27 58
58 121
35 58
4 58
58 70
8 58
58 89
58 65
58 79
58 123
58 84
58 122
14 58
58 91
46 58
58 113
30 58
58 119
39 58
25 58
58 67
58 72
29 58
48 58
58 117
2 58
113 124
58 64
58 98
58 92
9 58
53 58
58 90
34 58
58 124
58 80
58 104
58 114
11 58
19 58
20 58
58 60
58 75
58 115
51 58
58 85
1 58
58 93
58 62
31 58
58 102
17 58
13 58
38 58
58 95
7 58
55 58
58 106
10 58
45 58
58 83
58 82
58 105
58 112
58 73
58 100
58 96
37 58
58 107
100
22 93
93 98
23 93
68 93
56 93
35 93
16 93
31 93
1 93
72 93
85 93
6 93
44 93
57 93
29 93
3 93
75 93
65 93
11 93
61 93
39 93
37 93
46 93
90 93
57 67
89 93
38 93
51 93
27 93
83 93
30 93
45 93
58 93
18 93
82 93
74 93
80 93
5 93
41 93
59 93
48 93
86 93
62 93
71 93
42 93
26 93
4 93
67 93
64 93
9 93
52 93
93 96
54 93
69 93
93 100
77 93
53 93
84 93
7 93
91 93
93 99
63 93
12 93
21 93
20 93
10 93
70 93
28 93
87 93
88 93
47 93
8 93
66 93
19 93
24 93
76 93
34 93
13 93
2 93
50 93
78 93
81 93
79 93
15 93
14 93
93 95
17 93
73 93
43 93
49 93
33 93
93 97
60 93
55 93
36 93
32 93
40 93
25 93
