10
100
16 84
58 84
80 84
76 84
71 84
81 84
79 84
50 84
17 84
42 84
10 62
40 84
4 84
84 95
15 84
34 84
67 84
41 84
59 84
84 88
55 84
78 84
69 84
47 84
52 84
75 84
61 84
48 84
57 84
36 84
14 84
66 84
84 91
1 84
84 96
73 84
21 84
84 98
84 94
20 84
11 84
84 92
8 84
70 84
27 84
7 84
72 84
39 84
24 84
84 87
5 84
44 84
68 84
60 84
32 84
65 84
28 84
46 84
84 93
84 97
62 84
84 90
3 84
10 84
84 100
9 84
43 84
84 89
82 84
29 84
33 84
19 84
13 84
37 84
45 84
49 84
25 84
26 84
53 84
64 84
35 84
2 84
84 86
54 84
22 84
6 84
63 84
77 84
23 84
74 84
18 84
51 84
56 84
38 84
84 99
12 84
30 84
31 84
100
3 85
3 47
3 74
3 16
3 44
3 60
3 30
3 18
3 55
3 54
3 43
3 78
3 17
3 99
3 9
3 53
3 51
3 10
3 84
3 93
3 39
3 76
3 95
3 65
3 90
3 8
3 77
3 28
3 13
3 57
3 12
3 62
3 69
3 98
3 80
3 79
3 29
3 46
3 89
3 49
3 88
3 100
3 71
13 23
3 96
3 35
3 38
3 56
3 52
3 22
3 48
3 42
3 24
3 33
3 70
3 59
3 11
3 58
3 15
3 94
3 41
3 23
3 83
3 50
3 73
3 97
3 75
3 19
3 32
3 36
3 91
3 26
3 27
3 68
3 7
3 72
3 64
3 67
3 40
3 63
3 14
3 86
3 45
3 25
3 37
3 31
3 61
3 82
3 21
3 66
1 3
3 34
3 6
3 87
3 81
3 92
3 20
3 5
100
4 73
25 73
58 73
53 73
35 73
73 87
44 73
40 73
8 73
1 73
17 73
39 73
14 73
20 73
68 73
30 73
73 94
26 73
66 73
73 96
61 73
73 77
51 73
50 73
10 73
32 73
15 73
73 86
73 97
57 73
16 73
73 75
34 73
73 79
26 38
73 85
36 73
73 98
47 73
73 93
13 73
64 73
24 73
67 73
22 73
73 89
60 73
2 73
65 73
7 73
29 73
63 73
73 84
55 73
21 73
23 73
11 73
6 73
52 73
73 99
62 73
18 73
3 73
46 73
73 81
73 78
73 76
42 73
71 73
33 73
54 73
73 91
73 80
19 73
73 82
31 73
59 73
27 73
45 73
73 90
56 73
28 73
69 73
73 88
73 83
5 73
9 73
38 73
73 100
73 95
70 73
73 92
48 73
37 73
49 73
41 73
43 73
12 73
100
9 53
9 87
4 9
9 35
9 94
9 58
9 47
9 96
9 51
9 70
9 72
9 22
9 25
9 36
9 67
9 81
9 86
9 84
9 33
9 39
9 20
9 52
9 82
2 9
9 54
9 85
9 38
9 23
9 64
9 28
9 26
9 73
9 29
9 93
9 45
7 9
9 24
9 42
6 9
9 41
9 19
9 60
9 30
9 97
9 32
9 91
9 43
70 85
9 57
9 78
9 65
9 37
9 49
9 62
9 89
9 79
9 92
9 90
9 88
9 27
9 16
9 95
9 17
9 76
9 71
9 100
3 9
9 31
9 12
9 48
9 63
9 56
9 15
9 11
5 9
9 44
9 55
9 75
9 99
9 66
9 68
9 77
9 98
9 13
9 40
9 14
9 74
9 83
9 50
1 9
9 59
9 18
9 69
9 21
9 61
9 80
9 46
9 34
100
45 56
8 56
27 56
34 56
56 63
56 97
38 56
56 77
42 56
56 58
20 56
56 78
56 89
31 56
56 62
56 87
56 60
56 61
56 81
29 56
35 56
11 56
56 84
56 95
56 92
18 56
36 56
51 56
3 56
56 85
24 56
25 56
56 68
53 56
44 56
7 56
37 56
56 71
26 56
56 75
21 56
56 67
56 99
56 64
16 56
54 56
56 83
23 56
56 79
48 56
46 56
19 56
56 94
52 56
56 70
1 56
12 56
56 69
56 91
56 76
56 65
5 56
14 56
50 56
22 56
56 59
49 56
33 56
56 88
28 56
56 82
56 80
9 56
15 56
41 56
13 56
30 56
56 93
2 56
39 56
4 56
56 73
9 91
40 56
10 56
17 56
56 98
56 66
43 56
56 100
56 74
56 72
6 56
32 56
47 56
56 86
56 96
56 90
100
56 100
5 56
34 56
56 86
56 58
4 47
9 56
18 56
56 97
56 89
56 72
56 95
35 56
37 56
42 56
43 56
1 56
40 56
56 77
49 56
50 56
56 75
30 56
56 80
45 56
56 98
56 68
56 61
56 82
56 66
56 59
41 56
56 65
11 56
56 64
21 56
47 56
25 56
56 87
56 88
8 56
12 56
56 70
56 91
56 74
36 56
7 56
56 69
3 56
28 56
48 56
56 62
23 56
56 67
51 56
32 56
56 60
56 63
56 85
22 56
19 56
56 73
14 56
46 56
29 56
52 56
56 81
2 56
56 71
56 94
56 79
13 56
56 92
33 56
56 83
4 56
15 56
39 56
31 56
56 99
27 56
10 56
24 56
56 96
54 56
44 56
26 56
20 56
56 90
38 56
56 78
53 56
56 76
17 56
6 56
16 56
56 84
56 93
100
3 23
3 47
3 51
3 90
3 80
3 70
3 35
3 38
3 89
3 24
3 43
3 97
3 64
3 95
3 27
3 96
3 8
3 55
3 14
3 86
3 71
3 72
3 37
3 28
3 81
3 20
3 74
3 54
3 76
3 48
3 78
3 99
3 10
3 57
3 19
3 33
3 82
3 11
3 53
3 88
3 7
24 33
3 18
3 91
3 36
3 26
3 17
3 93
3 25
3 46
3 75
3 87
3 61
3 5
3 52
3 22
3 65
3 42
3 30
3 13
3 73
3 79
3 83
3 59
3 40
3 62
3 85
3 49
3 66
3 44
3 6
3 68
3 94
3 39
1 3
3 32
3 63
3 21
3 15
3 84
3 69
3 29
3 31
3 56
3 12
3 58
3 50
3 77
3 98
3 45
3 9
3 16
3 34
3 41
3 100
3 92
3 67
3 60
100
28 51
45 51
22 51
51 74
51 67
51 53
34 51
5 51
51 93
27 51
43 51
51 56
51 97
20 51
12 51
37 51
38 51
40 51
6 51
51 92
18 51
26 51
51 64
51 89
51 95
13 51
35 51
51 60
51 73
51 85
51 90
51 63
51 58
16 51
51 75
17 51
51 87
36 51
41 51
8 51
51 70
23 51
14 51
29 51
51 94
51 71
19 51
2 51
51 96
44 51
4 51
51 55
33 51
51 86
46 51
51 84
22 33
49 51
51 99
51 80
51 81
42 51
11 51
51 59
7 51
30 51
51 68
15 51
3 51
51 77
21 51
51 76
48 51
51 83
31 51
51 88
32 51
51 66
51 78
51 65
1 51
51 72
39 51
51 61
51 82
51 54
51 91
9 51
51 98
51 100
51 62
47 51
51 57
24 51
25 51
10 51
51 69
51 79
100
3 54
8 54
31 54
54 99
54 64
39 54
54 75
54 66
41 54
54 61
54 86
26 54
54 60
54 73
54 88
25 54
54 83
12 54
16 54
54 100
54 95
21 54
54 92
54 69
4 54
10 54
54 62
50 54
54 58
23 54
54 59
54 74
54 68
54 97
20 54
44 54
54 93
51 54
35 54
15 54
47 54
54 90
54 82
54 70
54 57
54 80
24 54
14 54
54 65
30 54
54 84
54 81
52 54
34 54
17 54
49 54
20 63
46 54
7 54
28 54
45 54
54 96
38 54
54 56
54 76
54 63
43 54
54 85
54 91
22 54
2 54
54 98
54 79
1 54
54 78
32 54
54 77
42 54
29 54
54 87
37 54
11 54
33 54
48 54
27 54
54 94
54 71
54 89
54 72
13 54
6 54
54 67
9 54
5 54
18 54
36 54
40 54
19 54
100
4 90
4 96
4 21
4 6
4 45
4 60
4 44
4 92
4 47
4 17
4 8
4 22
4 28
4 54
4 26
4 95
4 79
4 85
4 80
1 4
4 19
4 77
4 38
4 15
4 87
4 69
4 24
4 86
4 31
4 42
4 10
4 99
4 89
4 74
4 59
4 83
4 93
30 33
4 33
4 94
4 37
4 66
4 13
4 14
4 75
4 72
4 76
4 39
4 53
4 41
4 9
4 46
4 98
4 23
4 88
4 73
4 11
4 63
4 52
4 50
2 4
4 82
4 35
4 64
4 71
4 57
4 91
4 65
4 70
4 34
4 61
4 25
4 100
4 51
4 27
4 40
4 55
4 16
4 81
4 29
4 49
4 30
4 84
4 36
4 20
4 97
4 7
4 67
4 48
4 78
4 56
4 58
4 32
4 12
4 43
4 68
4 62
4 18
