10
100
3 12
26 89
29 87
39 77
2 14
45 71
24 91
47 69
18 97
48 67
28 88
18 98
24 92
45 70
56 60
53 63
33 82
20 96
51 64
16 99
19 96
46 69
1 14
12 87
19 97
6 9
52 64
27 88
57 59
42 73
50 66
54 61
29 86
34 82
55 60
22 93
38 77
49 67
15 100
17 98
31 85
37 78
17 99
55 61
34 81
5 10
5 11
50 65
31 84
33 83
56 59
35 80
26 90
54 62
16 100
30 85
30 86
42 74
25 91
52 63
7 9
20 95
32 83
25 90
23 93
3 13
32 84
35 81
21 95
21 94
4 12
53 62
41 74
23 92
47 68
6 10
2 13
28 87
36 80
41 75
27 89
38 78
43 73
51 65
46 70
44 72
44 71
37 79
1 15
36 79
40 76
22 94
39 76
48 68
43 72
49 66
4 11
40 75
100
15 62
86 92
5 72
12 66
7 71
5 73
18 59
80 98
21 57
35 42
77 100
8 69
1 76
33 44
80 97
2 76
81 96
26 52
23 54
27 50
30 48
78 99
11 66
26 51
31 47
79 99
3 74
25 52
82 95
13 65
18 60
37 41
78 100
37 40
11 67
86 91
29 49
36 42
10 68
85 92
24 54
4 73
38 40
83 95
15 63
23 55
79 98
19 59
16 61
33 45
88 90
25 53
14 64
83 94
24 53
84 93
17 61
12 65
82 96
85 93
84 94
16 62
6 71
28 50
10 67
31 46
29 48
17 60
8 70
19 58
22 56
27 51
21 56
9 69
2 75
87 90
28 49
6 72
67 95
34 43
20 57
30 47
4 74
9 68
35 43
13 64
34 44
3 75
7 70
32 46
32 45
1 77
20 58
87 91
81 97
14 63
36 41
22 55
100
10 22
50 81
10 21
64 68
42 89
53 79
1 30
33 98
45 86
32 100
44 87
13 19
45 87
35 97
14 17
55 77
6 25
42 90
46 85
39 93
4 27
7 25
43 89
54 77
33 99
48 83
65 67
6 26
11 20
59 73
12 19
59 72
34 98
60 72
44 88
5 27
41 91
4 28
11 71
5 26
54 78
43 88
1 31
31 100
8 23
12 20
37 94
48 84
15 17
7 24
41 90
11 21
61 70
50 82
13 18
58 74
32 99
63 68
52 79
46 86
62 70
56 76
47 84
51 80
63 69
61 71
62 69
34 97
47 85
55 76
3 29
38 93
8 24
37 95
49 82
3 28
53 78
38 94
35 96
64 67
9 23
2 29
58 73
36 96
51 81
52 80
60 71
40 91
9 22
57 74
56 75
49 83
2 30
36 95
14 18
39 92
57 75
40 92
100
28 69
36 62
16 82
43 54
8 89
29 68
8 90
7 90
11 86
19 79
5 92
10 88
25 72
44 54
31 67
34 64
9 88
23 74
45 53
9 89
5 93
11 87
12 85
1 96
47 50
21 76
52 84
12 86
3 94
7 91
28 70
48 50
46 52
97 100
30 67
16 81
13 85
25 73
37 60
44 53
18 79
10 87
31 66
38 59
24 74
14 83
39 59
17 81
32 65
41 57
46 51
4 93
43 55
34 63
20 78
15 83
39 58
98 100
15 82
33 64
38 60
40 58
21 77
42 55
27 71
2 95
1 97
32 66
13 84
47 51
19 78
22 76
2 96
41 56
33 65
26 72
42 56
30 68
3 95
6 92
23 75
45 52
29 69
24 73
36 61
37 61
17 80
35 63
6 91
27 70
20 77
18 80
35 62
26 71
40 57
14 84
22 75
4 94
100
6 15
41 81
1 21
32 89
49 72
50 71
23 99
36 85
55 67
9 12
53 69
27 95
36 86
55 66
41 80
51 70
54 67
22 100
56 66
8 14
8 13
42 80
4 18
23 98
53 68
32 90
46 75
57 64
7 15
49 73
27 39
54 68
31 90
51 71
26 96
44 77
58 64
21 100
35 87
33 89
25 96
30 91
5 17
35 86
42 79
48 74
1 20
30 92
58 63
2 19
28 94
48 73
45 77
29 92
3 18
5 16
25 97
37 84
34 87
38 83
52 69
9 13
43 79
40 82
39 82
38 84
39 83
52 70
28 93
3 19
27 94
34 88
50 72
57 65
59 63
29 93
7 14
59 62
10 12
22 99
24 97
33 88
60 62
4 17
47 74
37 85
47 75
43 78
56 65
44 78
26 95
40 81
6 16
2 20
45 76
46 76
24 98
31 91
100
65 84
63 87
57 92
8 41
6 43
22 27
3 47
70 79
58 91
17 32
50 100
18 31
2 47
15 35
13 36
63 86
54 96
5 44
53 97
62 87
68 81
52 97
10 39
60 90
60 89
1 49
15 34
66 84
50 99
2 48
54 95
67 83
67 82
16 34
10 40
14 35
72 77
24 26
52 98
6 44
20 29
3 46
72 78
73 76
18 32
71 79
62 88
71 78
1 48
16 33
12 38
64 85
19 31
21 29
59 91
22 28
9 40
11 39
68 82
17 33
65 85
74 76
9 41
20 30
12 37
53 96
51 99
61 89
11 38
69 81
56 93
64 86
4 46
7 42
23 26
58 92
55 95
5 45
70 80
8 42
69 80
19 30
23 27
14 36
56 94
7 43
66 83
55 94
60 82
51 98
49 100
73 77
4 45
13 37
61 88
21 28
59 90
57 93
100
11 26
62 76
66 72
41 96
62 75
41 97
17 21
42 95
46 91
15 23
2 36
31 62
53 85
44 93
59 79
16 22
12 25
54 83
38 100
18 20
60 78
43 94
10 27
11 27
48 89
1 36
6 31
40 97
58 79
49 88
58 80
47 90
60 77
47 91
13 24
51 87
16 21
53 84
50 88
45 92
45 93
17 20
64 74
56 82
52 85
61 77
64 73
67 71
3 35
1 37
4 33
39 98
39 99
5 32
6 32
48 90
55 82
7 31
65 72
38 99
65 73
63 74
12 26
46 92
14 24
49 89
14 23
61 76
40 98
57 81
8 29
59 78
43 95
52 86
5 33
9 28
44 94
55 83
66 71
3 34
50 87
7 30
15 22
42 96
37 100
51 86
57 80
68 70
67 70
63 75
2 35
10 28
13 25
56 81
54 84
4 34
8 30
9 29
100
14 23
57 80
5 32
47 91
51 86
52 86
68 70
1 37
57 81
12 25
4 33
38 100
48 89
39 99
59 79
12 26
51 87
55 82
3 34
64 74
67 71
59 78
17 21
60 78
48 90
46 91
52 85
65 73
10 27
40 98
37 100
14 24
60 77
53 85
66 71
6 32
16 22
2 35
1 36
58 79
66 72
50 88
11 27
8 30
42 95
63 74
43 94
9 29
8 29
18 20
15 23
2 36
61 76
65 72
5 33
63 75
39 98
49 88
4 34
61 77
46 92
10 28
42 96
47 90
16 21
56 81
15 22
53 71
38 99
67 70
49 89
7 31
45 92
40 97
44 94
62 75
54 83
17 20
41 97
13 25
7 30
50 87
62 76
56 82
9 28
11 26
53 84
43 95
64 73
58 80
55 83
6 31
13 24
3 35
54 84
41 96
44 93
45 93
100
8 53
16 45
26 35
66 95
77 85
70 92
30 32
73 89
24 38
68 93
13 48
69 92
10 51
12 50
2 59
21 41
74 87
67 95
78 84
72 90
27 35
76 86
13 49
25 37
4 57
70 91
11 51
63 98
1 61
67 94
69 93
74 88
77 84
11 50
15 47
23 38
20 41
73 88
24 37
9 53
26 36
28 33
25 36
65 96
71 90
68 94
66 96
1 60
6 55
3 58
18 44
18 43
71 91
63 99
9 52
64 98
21 40
10 52
26 34
65 97
4 58
64 97
23 39
78 83
16 46
12 49
80 82
8 54
2 60
22 39
20 42
28 34
75 86
72 89
17 44
17 45
62 99
19 43
75 87
76 85
62 100
29 32
7 55
5 57
61 100
7 54
79 83
14 47
19 42
6 56
29 33
79 82
3 59
14 48
5 56
27 34
15 46
22 40
100
70 80
16 33
57 92
23 26
51 98
22 27
13 37
58 92
52 98
59 91
65 84
11 38
60 89
55 95
55 94
5 44
69 80
8 42
72 77
68 81
62 87
58 91
70 79
12 38
19 31
10 39
72 78
2 48
20 30
1 48
2 47
53 96
21 29
61 88
69 81
1 49
23 27
9 40
67 82
52 97
50 95
66 83
50 100
73 77
73 76
7 42
74 76
63 86
10 40
14 36
11 39
54 96
17 33
22 28
60 90
21 28
14 35
63 87
19 30
64 86
3 47
50 99
61 89
4 45
66 84
54 95
8 41
9 41
4 46
71 79
12 37
64 85
53 97
57 93
20 29
71 78
5 45
67 83
7 43
3 46
13 36
24 26
6 43
62 88
15 34
6 44
56 93
65 85
68 82
15 35
49 100
18 32
17 32
18 31
56 94
16 34
59 90
51 99
