5
179
14 112
56 69
34 92
27 98
143 162
27 99
138 166
13 112
18 107
19 106
47 79
46 79
140 164
5 121
149 155
141 163
139 165
41 84
23 103
126 178
26 99
6 119
149 156
52 74
5 120
56 70
137 167
13 113
57 69
52 73
142 162
17 108
33 92
50 76
49 77
31 94
59 66
51 74
39 87
35 91
47 78
148 157
23 50
59 67
57 68
8 117
60 65
58 67
20 106
43 83
3 122
150 154
54 71
39 86
24 102
42 84
15 111
61 65
40 85
37 88
20 105
142 163
145 160
25 100
135 170
32 94
147 158
44 82
4 121
132 172
7 119
48 77
129 175
127 177
135 169
30 95
25 101
53 73
12 113
127 178
144 160
136 169
38 88
132 173
16 109
23 102
45 81
9 117
133 171
150 155
32 93
45 80
137 168
49 76
143 161
151 153
128 177
55 70
148 156
138 167
35 90
51 75
50 75
34 91
37 89
18 108
10 116
21 105
15 110
54 72
133 172
10 115
131 173
48 78
58 68
126 179
46 80
3 123
38 87
125 179
146 159
8 118
145 159
11 115
147 157
14 111
141 164
4 122
53 72
21 104
61 64
36 90
2 124
6 120
36 89
28 98
30 96
42 83
33 93
31 95
62 64
2 123
129 176
134 170
131 174
43 82
146 158
1 125
1 124
12 114
29 97
151 154
41 85
140 165
22 103
28 97
16 110
55 71
60 66
40 86
19 107
128 176
134 171
136 168
11 114
29 96
144 161
130 175
139 166
24 101
9 116
26 100
130 174
22 104
7 118
17 109
44 81
121
22 24
62 104
1 45
60 107
50 116
21 25
70 96
75 92
72 94
55 112
81 85
18 27
54 112
47 120
64 103
73 93
80 86
79 88
69 97
6 39
66 101
61 106
78 88
54 113
19 26
47 119
1 44
45 121
62 105
63 103
11 34
59 107
52 115
2 43
72 95
16 30
9 37
13 32
17 28
14 31
56 111
82 84
77 89
66 100
61 105
4 41
70 97
56 110
20 25
9 36
58 109
6 40
53 114
46 120
74 93
51 116
60 106
78 89
3 43
15 30
17 29
57 110
73 94
12 34
48 119
7 38
8 38
82 85
10 36
69 98
49 118
64 102
19 27
3 42
12 33
76 91
63 104
75 91
14 32
13 33
5 41
81 86
68 98
11 35
71 95
65 101
18 28
46 121
8 37
21 24
55 111
53 113
20 26
77 90
5 40
10 35
71 96
59 108
16 29
74 92
7 39
2 44
58 108
67 100
51 115
4 42
15 31
48 118
68 99
57 109
76 90
67 99
52 114
50 117
49 117
79 87
71 121
65 102
80 87
112
50 69
21 99
11 109
49 71
33 86
10 109
36 83
26 93
53 66
19 101
30 90
27 93
43 76
38 82
13 107
54 65
21 98
35 85
48 72
37 83
40 80
56 64
52 68
15 104
14 105
43 77
59 61
14 106
58 62
19 100
12 107
35 84
8 112
32 88
46 74
34 86
24 96
22 98
34 85
39 80
47 73
11 108
20 100
42 78
26 94
41 78
27 92
33 87
9 111
8 111
39 81
22 97
28 91
52 67
25 94
57 62
15 105
3 5
49 70
50 70
41 79
40 79
23 96
30 89
44 76
54 66
7 112
12 108
18 101
51 68
57 63
28 92
29 91
31 89
36 84
23 97
13 106
42 77
1 6
25 95
1 7
53 67
17 103
56 63
32 87
47 72
48 71
45 74
55 64
20 99
16 104
38 81
44 75
55 65
24 95
17 102
45 75
31 88
51 69
10 110
7 31
46 73
2 5
2 6
16 103
18 102
29 90
58 61
9 110
37 82
106
11 79
24 65
26 64
30 59
11 78
19 71
34 55
39 51
43 46
36 54
17 73
12 77
23 66
31 58
37 53
3 87
90 106
20 70
89 106
13 77
1 89
29 60
94 101
19 70
4 86
24 66
15 74
35 55
10 80
26 63
4 85
42 48
22 68
16 74
95 101
12 78
32 58
94 102
5 85
3 86
28 61
25 65
36 53
93 103
2 87
91 104
33 56
22 67
28 62
37 52
95 100
14 76
38 51
42 47
44 46
8 82
91 105
1 88
7 82
41 48
25 64
38 52
17 72
7 83
41 49
27 62
15 75
29 61
9 81
90 105
6 83
96 99
6 84
96 100
34 56
40 49
5 84
9 80
93 102
92 104
35 54
33 57
18 71
32 57
16 73
40 50
18 72
39 50
8 81
2 88
21 69
31 59
10 79
5 79
27 63
21 68
14 75
43 47
13 76
20 69
30 60
23 67
97 99
92 103
151
67 128
5 38
60 134
61 133
63 132
48 146
6 38
7 37
75 120
74 121
8 36
93 101
71 124
52 142
2 42
87 107
58 137
68 127
80 115
82 112
45 150
20 23
91 104
61 134
73 121
14 30
90 105
15 28
76 118
76 119
44 151
74 120
89 106
83 112
59 136
96 98
2 41
56 138
51 143
17 26
53 142
84 111
64 131
3 40
59 135
14 29
84 110
21 23
47 147
18 26
4 40
19 24
72 123
89 105
88 106
70 124
85 109
75 119
65 130
44 150
13 31
91 103
16 27
51 144
57 138
58 136
45 149
73 122
70 125
7 36
47 148
1 42
4 39
83 111
77 117
3 41
55 139
69 125
67 127
62 133
49 146
12 32
69 126
81 113
94 101
48 147
81 114
9 34
17 27
8 35
50 144
88 107
57 137
13 30
9 35
79 115
68 126
6 37
92 102
63 131
95 99
62 132
66 128
60 135
78 117
46 149
87 108
72 122
80 114
49 145
19 25
18 25
82 113
86 109
16 28
95 100
12 31
64 130
52 143
43 151
10 34
46 148
55 140
65 129
94 100
53 141
66 129
11 32
96 99
15 29
5 39
54 140
10 33
90 104
50 145
54 141
78 116
85 110
20 24
56 139
1 43
11 33
71 123
77 118
93 102
86 108
79 116
1 77
92 103
