1
688
597 663
241 331
131 440
89 483
175 397
167 404
282 290
262 310
580 680
5 566
209 363
6 566
276 295
212 360
136 436
628 632
52 519
598 662
207 365
600 659
91 481
69 503
136 435
111 460
251 320
608 651
626 634
43 529
573 687
10 562
58 514
224 348
587 672
137 435
159 413
202 369
212 359
150 421
583 677
78 493
191 381
608 652
275 296
66 505
53 518
58 513
12 560
610 649
252 320
76 495
140 431
222 349
594 665
236 336
245 327
159 412
4 568
49 522
603 657
170 401
98 473
246 326
575 684
6 565
78 494
4 567
118 453
200 371
73 499
135 436
623 636
267 305
131 441
270 302
237 335
248 324
283 289
99 472
181 390
130 442
173 399
228 343
80 491
260 311
94 478
19 553
157 414
9 563
119 452
129 442
190 382
284 287
88 484
35 536
258 314
590 670
588 672
278 293
244 327
198 373
261 310
213 359
165 406
74 498
187 384
125 447
591 669
279 293
585 674
255 316
189 382
587 673
219 353
140 432
271 300
88 483
57 515
244 328
108 463
111 461
39 533
142 429
53 519
93 478
277 294
1 570
246 325
205 367
228 344
257 314
607 652
13 558
208 364
113 458
85 486
85 487
614 646
271 301
124 447
101 471
60 511
210 361
230 342
27 545
22 550
104 468
92 480
37 535
214 358
110 462
82 490
63 508
36 536
89 482
269 302
604 655
241 330
592 668
266 306
214 357
169 402
35 537
217 355
611 649
84 488
582 677
70 502
222 350
186 385
130 441
81 491
576 684
163 408
51 520
143 428
581 678
142 430
174 398
196 376
172 400
231 341
206 366
41 531
26 546
193 379
185 386
184 388
260 312
146 426
14 557
211 360
229 343
208 363
74 497
54 518
11 561
62 510
90 481
45 526
128 444
277 295
17 555
18 553
100 472
46 526
273 299
143 429
177 394
39 532
139 433
590 669
185 387
199 372
575 685
90 482
128 443
173 398
249 322
37 534
606 654
627 632
86 486
168 403
134 438
254 318
77 495
8 564
221 350
72 499
218 353
155 417
574 686
153 418
167 405
95 476
71 501
186 386
145 427
106 466
129 443
234 337
139 432
188 384
1 571
67 504
607 653
626 633
57 514
122 449
123 448
40 532
104 467
170 402
114 457
181 391
256 316
156 415
616 644
29 542
231 340
149 422
51 521
151 420
50 521
601 659
153 419
223 349
192 380
265 307
144 428
582 678
577 682
21 550
581 679
237 334
595 665
599 661
605 655
73 498
242 329
220 352
278 294
596 664
120 451
83 489
28 543
65 506
127 444
602 658
239 333
47 524
578 682
151 421
110 461
112 459
60 512
7 565
15 556
14 558
45 527
253 318
2 569
105 466
280 291
614 645
31 540
29 543
586 674
572 687
281 291
600 660
579 680
273 298
603 656
155 416
161 410
59 513
33 538
171 401
270 301
257 315
109 463
180 391
112 460
115 456
21 551
280 292
138 434
158 414
77 494
625 635
243 329
599 660
206 365
182 389
42 529
183 389
240 331
227 344
75 496
62 509
265 306
177 395
584 676
247 325
134 437
274 298
263 308
158 413
43 528
16 555
261 311
183 388
229 342
220 351
44 527
64 508
52 520
252 319
226 346
161 411
224 347
601 658
46 525
585 675
23 549
2 570
264 308
624 636
164 407
92 479
282 289
166 406
28 544
195 377
210 362
122 450
176 396
576 683
15 557
40 531
127 445
609 651
629 631
82 489
242 330
180 392
628 631
248 323
86 485
87 484
232 340
148 423
20 551
49 523
195 376
148 424
619 641
3 569
207 364
249 323
105 467
113 459
31 541
156 416
211 361
251 321
275 297
579 681
70 501
121 451
593 666
172 399
115 457
5 567
152 420
121 450
55 517
103 468
63 509
620 640
162 409
36 535
586 673
154 418
225 347
245 326
120 452
194 378
150 422
34 538
615 644
25 546
272 300
583 676
25 547
132 439
619 640
205 366
102 469
175 396
102 470
234 338
604 656
55 516
609 650
573 686
171 400
596 663
250 321
272 299
13 559
38 533
254 317
239 332
84 487
50 522
622 637
119 453
191 380
611 648
174 397
61 511
618 641
124 448
593 667
48 523
204 368
61 510
133 439
59 512
578 681
80 492
141 431
94 477
17 554
213 358
217 354
230 341
169 403
96 475
24 548
47 525
98 474
192 379
68 504
107 465
11 560
64 507
235 336
216 356
114 458
276 296
591 668
602 657
71 500
594 666
274 297
189 383
182 390
145 426
256 315
258 313
160 411
266 305
259 313
616 643
223 348
32 540
56 515
8 563
592 667
247 324
126 445
149 423
269 303
218 354
165 407
588 671
201 370
264 307
117 455
584 675
42 530
236 335
612 648
79 493
598 661
243 328
233 338
97 475
193 378
91 480
147 424
605 654
116 456
138 433
623 637
268 304
227 345
625 634
125 446
615 645
135 437
580 679
624 635
41 530
240 332
572 688
67 505
123 449
86 344
69 502
617 643
147 425
263 309
96 476
97 474
10 561
160 412
589 670
81 490
152 419
281 290
194 377
106 465
200 372
613 647
176 395
20 552
44 528
267 304
574 685
164 408
203 369
613 646
197 375
621 639
109 462
108 464
48 524
118 454
204 367
19 552
187 385
209 362
216 355
87 485
606 653
284 288
262 309
589 671
27 544
157 415
103 469
126 446
232 339
30 542
283 288
184 387
617 642
162 410
12 559
203 368
219 352
3 568
221 351
571 688
627 633
7 564
163 409
79 492
26 545
610 650
54 517
238 334
577 683
33 539
76 496
16 556
132 440
233 339
215 357
268 303
24 547
144 427
168 404
141 430
95 477
618 642
93 479
100 471
259 312
66 506
83 488
196 375
137 434
99 473
9 562
622 638
166 405
620 639
285 287
226 345
279 292
72 500
178 394
34 537
32 539
117 454
255 317
215 356
225 346
197 374
612 647
202 370
146 425
179 393
597 662
18 554
65 507
179 392
198 374
154 417
595 664
253 319
22 549
190 381
23 548
199 373
68 503
75 497
201 371
178 393
116 455
133 438
188 383
621 638
238 333
38 534
250 322
235 337
56 516
30 541
107 464
101 470
