5
199
145 188
150 175
146 183
130 193
53 199
20 199
35 129
143 188
136 189
119 197
156 158
68 198
43 199
107 197
77 197
104 197
37 199
57 198
19 199
133 189
146 180
54 198
49 199
116 197
146 179
122 197
53 198
39 199
126 197
96 197
87 197
156 163
156 168
33 199
145 185
152 174
81 197
21 199
98 197
103 197
117 197
62 198
79 197
133 192
48 199
113 197
118 197
66 198
129 195
84 197
156 162
156 166
156 160
23 199
146 177
32 199
67 198
133 191
41 199
141 189
74 197
40 199
129 193
131 193
146 181
52 199
56 198
145 183
147 177
112 197
73 198
102 197
125 197
145 187
44 199
127 197
22 199
156 161
25 199
17 199
145 184
72 198
9 199
51 199
42 199
148 177
115 197
85 197
36 199
10 199
69 198
146 178
152 170
154 168
139 189
6 199
99 197
97 197
94 197
138 189
18 199
7 199
135 189
59 198
152 173
123 197
75 197
89 197
149 176
38 199
60 198
137 189
5 199
58 198
156 165
61 198
146 182
82 197
149 175
27 199
114 197
142 189
133 190
154 169
101 197
4 199
148 176
156 167
83 197
108 197
90 197
93 197
13 199
151 174
31 199
11 199
156 164
26 199
129 197
28 199
145 186
150 174
63 198
121 197
45 199
129 196
34 199
76 197
129 194
124 197
50 199
100 197
14 199
70 198
106 197
153 169
12 199
105 197
78 197
35 199
156 159
80 197
71 198
2 199
88 197
109 197
110 197
30 199
132 192
16 199
152 172
86 197
120 197
73 197
140 189
29 199
155 168
144 188
143 189
46 199
91 197
24 199
15 199
95 197
3 199
128 197
55 198
65 198
134 189
152 171
111 197
152 169
64 198
47 199
132 193
92 197
8 199
182
19 182
47 105
32 178
32 172
42 159
44 130
49 79
12 182
49 92
44 132
50 62
47 114
54 56
44 145
47 104
36 165
47 98
44 151
44 125
44 133
47 107
8 182
41 164
20 182
47 103
40 165
44 121
45 118
44 122
44 140
43 155
50 57
49 76
49 73
53 56
22 182
44 155
42 156
32 167
6 182
32 166
50 63
50 66
49 88
44 147
32 165
9 182
32 176
42 157
42 161
47 94
44 148
45 119
45 117
49 83
47 112
50 58
47 93
17 182
14 182
21 182
50 59
11 182
49 84
47 101
2 182
24 182
52 57
32 181
13 182
49 75
45 116
121 135
47 92
44 127
49 89
47 115
46 116
44 126
44 143
42 162
47 108
44 139
29 182
33 165
47 111
35 165
44 149
32 173
4 182
47 102
53 57
32 179
47 109
47 97
47 110
39 165
47 100
44 137
16 182
49 85
26 182
44 138
18 182
5 182
49 69
32 180
49 74
27 182
32 174
49 72
15 182
44 150
44 120
44 146
23 182
44 128
49 68
44 134
49 70
44 119
50 64
44 153
32 168
49 87
38 165
42 164
47 106
47 116
31 182
49 78
44 144
44 131
47 99
47 113
49 67
49 77
40 164
50 61
44 124
44 135
32 171
44 142
49 90
50 65
7 182
42 160
49 80
32 182
30 182
49 86
10 182
42 158
50 67
44 152
47 96
49 71
44 154
49 82
37 165
44 141
49 81
32 175
3 182
42 155
32 169
49 91
32 177
44 136
50 60
47 95
28 182
51 57
42 163
44 129
48 92
34 165
25 182
44 123
32 170
192
17 191
62 156
43 168
98 123
9 192
31 189
93 134
93 123
7 192
96 123
64 147
22 190
44 168
93 132
113 122
111 122
29 189
28 189
36 185
71 141
87 139
106 123
93 129
41 182
36 183
100 123
15 191
64 150
93 127
89 139
30 189
47 168
93 130
94 123
73 141
101 123
65 147
80 140
93 124
69 141
52 180
34 188
114 118
110 122
109 122
107 123
25 189
103 123
75 141
2 192
42 170
41 171
50 166
91 139
63 151
76 141
83 140
35 185
10 192
91 138
62 160
62 161
49 168
80 141
64 149
41 172
53 164
113 120
38 183
45 168
32 189
65 145
72 141
93 138
4 192
61 161
8 192
41 180
64 148
62 153
59 164
78 141
42 169
99 123
58 164
102 123
86 139
108 123
85 140
92 138
20 191
104 123
66 142
62 158
114 117
59 163
59 162
36 184
22 191
40 182
67 142
70 141
68 142
60 161
68 141
79 141
33 188
16 191
63 152
13 192
63 153
114 120
41 173
12 192
93 135
41 177
62 159
51 166
23 189
84 140
50 167
93 131
14 192
42 168
34 187
74 141
48 168
93 126
113 121
26 189
39 183
53 165
65 143
27 189
82 140
90 139
112 122
81 140
52 165
88 139
3 192
62 155
6 192
11 192
93 136
35 186
46 168
37 183
34 186
50 168
41 179
51 165
86 140
93 137
114 119
21 191
114 116
93 125
57 164
18 191
41 174
42 171
40 183
62 154
59 161
97 123
54 164
65 144
95 123
77 141
14 191
41 175
19 191
93 133
62 157
93 128
105 123
32 188
41 181
64 151
24 189
22 189
41 176
55 164
56 164
65 142
108 122
41 178
5 192
65 146
192
98 150
98 107
90 156
98 117
98 148
5 192
94 156
55 157
58 157
98 125
93 156
9 183
98 119
46 157
81 156
12 175
64 157
98 144
14 166
6 192
14 171
98 127
98 114
98 115
45 157
74 157
102 105
98 152
48 157
21 158
44 157
98 106
12 172
37 158
12 173
33 158
20 158
12 176
43 157
40 157
30 158
8 186
86 156
32 158
72 157
54 157
98 146
63 157
17 158
98 129
42 157
85 156
97 155
60 157
8 191
92 156
49 157
15 163
8 187
98 135
98 124
87 156
35 158
98 132
98 143
98 151
8 189
98 108
98 112
2 192
98 116
25 158
71 157
8 188
7 192
98 149
98 110
31 158
15 166
98 126
9 182
82 156
22 158
98 145
98 118
96 156
8 185
98 122
98 109
98 141
103 105
95 156
12 177
11 177
56 157
98 154
34 158
11 182
3 192
14 167
14 170
98 139
77 157
39 157
98 155
98 121
98 113
59 157
8 192
41 157
12 174
14 169
75 157
98 138
11 180
10 182
88 156
91 156
99 106
66 157
101 105
8 190
51 157
99 105
23 158
84 156
69 157
8 184
98 111
15 161
57 157
68 157
19 158
11 179
15 162
98 147
4 192
14 172
97 156
47 157
16 158
80 157
98 123
73 157
76 157
98 142
36 158
27 158
98 130
9 184
61 157
70 157
78 157
15 158
53 157
81 157
26 158
98 153
18 158
38 157
98 133
98 140
29 158
14 168
50 157
11 178
53 169
67 157
65 157
98 128
38 158
79 157
15 165
52 157
98 137
89 156
98 131
15 160
24 158
13 172
62 157
15 164
98 134
15 159
100 105
98 120
98 136
11 181
28 158
83 156
187
30 152
49 90
31 132
22 185
1 186
49 100
29 185
31 127
31 125
31 123
31 129
49 86
49 96
25 185
49 76
21 185
48 110
30 158
31 117
51 71
11 185
30 171
30 144
30 177
40 110
49 103
30 140
31 119
30 174
49 85
61 63
30 157
30 172
31 115
31 122
49 92
48 107
29 183
29 182
49 84
49 74
31 120
30 139
8 185
31 128
4 185
39 110
49 83
49 79
30 165
2 185
30 146
30 136
49 82
49 91
47 110
30 135
30 160
31 130
49 95
30 181
53 69
31 121
39 82
59 65
31 134
24 185
31 116
49 88
57 68
30 161
30 155
44 110
51 73
30 148
31 133
43 110
17 185
19 185
51 70
49 73
30 173
31 135
30 167
12 185
26 185
30 145
54 68
30 141
6 185
52 69
37 110
30 156
56 68
30 147
27 185
34 113
31 126
7 185
30 159
49 81
49 77
32 114
49 98
30 143
58 65
36 111
49 97
29 184
49 93
30 154
31 118
30 151
30 137
55 68
33 114
30 142
30 170
51 69
41 110
49 99
29 181
30 164
51 72
49 80
31 124
23 185
48 104
61 64
5 185
13 185
60 65
49 78
58 67
10 185
30 178
46 110
3 185
54 69
42 110
30 175
15 185
30 168
1 185
48 103
49 101
28 185
18 185
30 149
48 105
30 162
58 68
49 75
30 169
20 185
48 108
9 185
34 114
58 66
49 94
38 110
35 113
16 185
50 73
61 65
36 110
31 131
48 109
45 110
31 114
49 89
30 179
36 112
49 102
30 153
30 150
14 185
30 138
49 87
30 163
36 113
30 176
30 166
48 106
30 180
