1
501
284 321
233 284
284 368
284 413
246 284
3 284
284 493
284 290
284 433
43 284
284 379
284 453
24 284
158 284
183 284
42 284
12 284
284 450
284 469
284 387
10 284
284 293
6 284
284 361
266 284
284 299
284 434
284 363
262 284
38 284
276 284
258 284
105 284
125 284
45 284
253 284
284 353
273 284
284 370
138 284
228 284
245 284
235 284
284 481
166 284
284 394
234 284
68 284
134 284
284 471
284 422
44 284
284 501
169 284
176 284
220 284
255 284
284 288
284 388
189 284
120 284
284 371
284 446
142 284
72 284
284 449
275 284
256 284
284 303
20 284
284 349
252 284
101 284
137 284
284 484
284 467
270 284
284 329
284 365
284 397
284 451
63 284
160 284
241 284
225 284
181 284
284 295
46 284
109 284
70 284
284 328
123 284
254 284
284 411
152 284
170 284
284 307
240 284
284 302
204 284
98 284
249 284
151 284
284 364
284 304
284 500
104 284
218 284
110 284
219 284
89 284
54 284
232 284
88 284
165 284
121 284
284 487
118 284
32 284
190 284
284 490
242 284
284 390
197 284
284 426
80 284
284 358
114 284
284 494
284 297
284 465
139 284
284 316
284 452
284 344
196 284
30 284
153 284
53 284
284 419
284 417
23 284
284 330
284 420
239 284
284 292
22 284
263 284
211 284
81 284
1 284
284 376
284 395
174 284
2 284
11 284
180 284
131 284
284 421
284 311
284 404
35 284
76 284
178 284
284 355
200 284
272 284
140 284
284 415
284 291
247 284
284 400
122 284
83 284
284 357
186 284
65 284
284 445
284 444
284 360
168 284
284 448
58 284
284 396
284 341
31 284
75 284
29 284
284 338
34 284
60 284
230 284
284 392
284 407
284 456
280 284
284 298
284 348
128 284
150 284
284 323
284 429
195 284
103 284
135 284
284 480
116 284
243 284
115 284
108 284
156 284
251 284
124 284
184 284
250 284
210 284
102 284
284 482
284 428
191 284
284 374
284 432
284 336
284 408
284 332
64 284
95 284
284 385
284 495
9 284
198 284
146 284
284 455
284 351
5 284
284 362
133 284
284 402
192 284
164 284
281 284
284 309
284 375
284 458
86 284
284 312
217 284
157 284
284 427
284 478
284 339
284 306
132 284
284 382
284 294
92 284
48 284
73 284
154 284
268 284
284 439
7 284
284 301
212 284
91 284
284 296
284 366
205 284
15 284
111 284
71 284
173 284
162 284
182 284
284 468
248 284
194 284
56 284
284 435
284 384
16 284
17 284
87 284
163 284
145 284
257 284
284 442
284 327
148 284
284 496
100 284
99 284
284 318
106 284
284 492
284 337
278 284
141 284
112 284
284 470
284 466
113 284
264 284
82 284
215 284
284 479
66 284
284 423
284 438
284 359
33 284
269 284
57 284
59 284
284 326
284 310
188 284
126 284
136 284
284 462
203 284
244 284
36 284
265 284
284 472
175 284
159 284
284 473
61 284
69 284
284 403
284 431
284 378
284 483
284 459
4 284
237 284
284 463
85 284
216 284
129 284
261 284
284 499
187 284
119 284
161 284
40 284
223 284
284 335
284 383
284 491
199 284
274 284
201 284
79 284
127 284
284 346
284 345
284 350
284 287
207 284
284 393
49 284
284 319
78 284
284 461
229 284
284 331
74 284
14 284
8 284
284 322
284 315
284 405
107 284
213 284
93 284
222 284
193 284
284 313
209 284
284 377
284 317
284 352
284 398
41 284
284 440
77 284
18 284
284 485
27 284
236 284
284 340
284 367
284 354
284 454
284 474
284 477
51 284
97 284
208 284
84 284
25 284
284 334
19 284
179 284
284 320
284 489
13 284
227 284
284 289
284 464
130 284
284 401
37 284
284 324
284 430
28 284
260 284
284 497
284 356
284 314
138 210
284 410
284 412
284 305
94 284
284 286
90 284
144 284
284 389
284 436
202 284
155 284
282 284
284 475
284 380
284 425
284 424
284 381
284 443
231 284
284 409
149 284
284 460
284 418
284 486
284 437
172 284
96 284
284 369
26 284
167 284
284 372
284 373
284 488
284 308
185 284
147 284
284 406
62 284
143 284
284 447
67 284
284 386
284 416
177 284
221 284
284 333
277 284
171 284
259 284
284 457
50 284
284 441
284 343
284 347
284 399
47 284
52 284
279 284
284 414
284 476
284 391
284 342
224 284
39 284
214 284
284 498
284 325
238 284
267 284
117 284
206 284
271 284
21 284
226 284
55 284
284 300
