1
1000
118 731
93 850
4 919
132 492
118 790
155 447
156 444
3 946
155 458
125 525
118 739
122 599
118 798
118 832
209 231
121 635
188 268
207 242
121 640
125 514
166 309
213 228
121 618
123 561
125 493
48 858
70 852
79 851
143 466
166 311
3 972
142 474
3 956
155 453
3 932
87 850
183 271
180 293
125 517
3 935
189 267
155 451
125 511
165 361
98 850
118 786
155 450
70 853
216 223
3 938
118 797
166 323
212 231
165 376
143 464
166 315
4 913
3 952
61 856
208 234
118 801
96 850
121 661
138 492
3 985
123 559
121 674
4 898
121 607
118 837
208 232
165 364
165 425
121 622
121 683
165 383
161 440
73 851
118 746
121 613
4 923
5 885
166 341
165 354
1 998
118 849
165 433
1 997
3 945
166 344
127 492
166 319
118 711
165 365
3 954
180 291
142 471
121 630
213 230
122 565
118 719
118 738
9 864
166 346
155 457
180 287
9 862
50 856
5 892
3 971
165 412
182 275
121 633
125 508
147 460
123 540
118 808
165 350
37 859
134 492
141 490
176 299
85 850
3 976
118 727
121 624
215 225
118 748
213 227
124 528
123 546
118 705
176 298
118 730
70 855
118 753
166 345
182 276
165 404
14 859
165 369
183 272
122 566
122 588
118 761
118 743
119 683
121 682
118 723
17 859
118 812
122 569
122 597
118 799
123 539
18 859
122 593
118 713
118 707
180 283
166 318
62 856
66 856
123 537
180 289
118 725
9 871
41 859
4 893
166 306
3 934
121 637
3 984
6 879
165 428
80 850
46 859
164 437
3 944
165 432
121 652
166 317
162 439
7 878
179 293
3 959
165 413
166 335
3 948
3 950
118 706
121 657
75 851
165 392
9 873
141 484
57 856
142 479
200 258
182 277
180 290
166 324
4 927
122 571
118 735
207 246
4 900
70 854
165 411
165 381
143 469
118 838
128 492
118 718
165 388
3 982
165 399
121 615
11 859
99 850
4 916
8 877
118 844
5 883
166 325
4 924
150 460
125 502
125 494
165 427
121 616
47 859
118 756
123 533
122 563
165 391
119 697
165 426
131 492
155 452
101 850
165 408
166 329
165 390
165 386
118 742
165 368
9 872
125 522
4 894
3 951
3 981
123 542
5 888
208 236
22 859
165 410
123 534
137 492
3 969
123 551
40 859
91 850
215 224
32 859
201 253
165 405
123 558
165 362
122 561
207 244
184 268
165 435
118 828
118 712
144 460
166 321
139 492
218 220
121 677
125 497
4 915
159 443
121 668
121 656
106 850
121 647
121 649
118 847
4 899
9 859
165 375
9 866
122 575
207 237
34 859
121 610
9 867
53 856
119 684
3 943
159 441
154 459
121 646
165 429
118 796
155 454
51 856
167 304
118 722
118 747
162 437
121 606
3 958
118 843
118 822
166 312
4 918
3 942
165 398
118 782
166 334
3 989
122 567
21 859
125 523
123 557
122 583
5 889
125 520
155 459
165 374
123 554
125 513
166 349
92 850
36 859
165 402
165 353
4 911
121 620
168 304
4 907
122 596
178 294
153 459
118 794
125 507
102 850
121 627
4 897
121 638
121 609
213 229
3 947
119 696
56 856
170 304
118 830
118 823
125 500
122 600
118 702
118 778
171 300
109 850
165 372
213 231
122 564
118 787
10 859
6 878
118 780
166 331
166 347
118 815
3 968
9 874
118 777
166 316
140 492
81 850
121 664
143 467
122 605
214 225
118 704
5 884
125 504
165 421
118 710
2 993
142 481
118 841
118 835
118 771
54 856
207 245
201 257
188 267
118 817
165 430
151 460
178 295
3 990
1 999
118 758
35 859
211 231
165 418
118 763
165 409
142 472
143 460
3 936
166 336
27 859
60 856
119 698
4 929
118 846
125 516
165 360
165 436
2 994
124 527
39 859
118 848
3 937
181 279
4 910
118 751
161 439
146 460
118 783
123 528
76 851
119 687
165 373
26 859
118 816
152 459
121 669
15 859
191 266
121 676
158 443
118 802
118 773
6 880
3 967
3 955
166 322
155 445
5 882
142 483
159 442
125 492
165 385
4 922
3 970
165 400
120 683
141 487
121 681
122 574
198 260
130 492
166 337
165 358
123 543
191 265
166 339
3 941
82 850
118 759
118 776
74 851
118 768
165 401
118 708
121 680
122 590
122 584
9 865
4 912
118 807
166 343
201 255
165 434
123 544
121 628
3 940
118 700
33 859
180 284
24 859
166 304
122 591
183 274
121 644
118 772
121 634
121 614
125 515
193 263
118 737
3 991
111 850
166 314
123 552
118 701
108 850
121 659
118 795
68 856
183 268
205 251
118 740
122 568
165 367
8 876
196 262
123 538
207 249
125 505
121 672
201 258
122 572
142 482
119 689
118 850
118 811
118 781
121 658
155 456
123 547
165 382
118 744
143 465
201 256
205 250
180 282
121 653
125 512
121 666
141 488
166 305
121 679
145 460
178 293
181 281
4 892
4 895
4 903
141 492
118 726
118 833
118 813
123 536
5 890
214 226
142 477
165 416
165 357
38 859
121 611
207 241
118 829
4 909
165 397
118 818
4 906
192 264
157 444
155 444
208 235
121 667
123 532
118 824
25 859
126 492
116 850
49 857
208 233
122 573
135 492
118 703
165 395
3 978
118 820
165 355
121 651
163 437
121 662
165 359
207 250
122 598
118 793
118 760
121 648
118 741
7 877
3 986
9 868
170 301
141 483
166 320
165 352
118 803
123 556
204 251
125 510
165 380
118 757
121 678
207 240
88 850
178 296
217 223
121 675
121 655
165 419
166 330
4 905
55 856
166 313
122 589
118 765
42 859
181 278
105 850
119 685
118 755
141 485
122 579
148 460
118 810
119 688
4 908
58 856
3 962
49 856
118 762
118 732
31 859
175 299
3 979
166 328
3 957
207 236
189 266
5 886
198 258
4 920
3 980
173 299
123 560
118 825
165 371
3 975
121 629
4 925
121 605
52 856
4 928
183 270
67 856
2 995
125 509
69 856
193 264
3 963
165 437
181 280
206 250
115 850
118 784
3 960
78 851
65 856
155 449
121 617
118 785
30 859
118 779
123 548
64 856
3 964
165 387
3 965
136 492
118 792
193 262
118 698
23 859
3 974
118 769
118 789
122 602
86 850
112 850
121 619
121 642
165 417
141 489
28 859
4 902
125 519
165 423
79 850
143 461
121 654
121 612
95 850
121 673
165 396
118 821
118 766
125 518
123 555
152 460
121 636
118 745
201 252
165 384
122 581
5 887
123 553
77 851
218 222
180 285
170 303
183 269
165 366
166 327
182 274
166 326
118 754
3 961
121 643
122 577
192 265
142 478
202 252
4 930
121 631
900 907
3 988
166 310
3 953
122 585
118 826
3 949
197 261
166 332
103 850
207 243
118 699
1 995
180 286
125 498
182 278
118 842
165 403
119 686
122 562
123 545
122 587
9 870
5 891
125 506
133 492
122 601
160 440
5 881
3 993
169 304
118 770
3 973
118 831
166 338
165 389
119 695
199 258
119 692
162 438
4 896
9 860
121 665
3 966
207 239
178 298
118 750
142 473
204 252
165 415
121 641
43 859
118 715
4 926
3 930
198 259
177 298
3 931
118 767
9 869
197 262
123 535
118 827
180 281
178 297
16 859
185 268
149 460
143 471
118 752
123 550
123 549
141 486
172 299
125 527
143 468
165 420
165 407
118 814
125 499
121 671
218 223
122 578
125 495
9 863
122 603
122 594
4 901
129 492
107 850
165 377
59 856
89 850
9 875
215 223
158 444
166 342
123 530
122 592
119 693
121 663
183 273
118 788
118 733
13 859
171 299
3 939
119 691
122 595
165 370
165 424
3 983
117 850
122 570
118 845
118 775
121 623
165 406
118 749
118 716
166 350
118 836
165 414
45 859
118 714
121 625
118 800
110 850
118 804
195 262
174 299
207 248
142 475
118 729
3 977
197 260
165 393
166 333
20 859
118 709
165 351
171 301
122 580
125 524
5 880
125 521
143 463
118 806
180 288
70 851
70 856
118 734
210 231
118 840
4 921
213 226
165 422
119 694
90 850
114 850
166 307
118 834
118 791
123 529
63 856
122 576
207 247
100 850
3 992
4 904
118 717
125 526
122 604
165 356
94 850
118 736
155 448
44 859
4 917
71 851
208 231
122 582
121 660
118 721
165 431
121 608
121 632
47 858
3 987
118 819
125 501
118 724
142 480
187 268
170 302
104 850
143 470
9 876
141 491
165 394
9 861
155 446
218 221
160 441
143 462
84 850
166 340
121 639
83 850
113 850
97 850
165 363
165 379
118 720
180 292
121 621
121 626
121 670
119 690
194 262
1 996
142 476
118 728
123 541
118 805
125 503
19 859
155 455
118 839
29 859
207 238
121 650
166 308
190 266
122 586
186 268
203 252
121 645
12 859
49 858
118 809
118 774
125 496
123 531
165 378
118 764
201 254
4 914
3 933
166 348
72 851
