1
496
37 156
36 165
38 70
33 216
18 456
7 494
27 273
37 131
24 374
14 483
24 382
27 251
38 92
18 469
23 410
37 124
37 152
27 318
35 181
21 430
23 423
27 229
37 160
34 200
27 264
13 485
27 248
9 494
28 222
27 320
27 315
24 373
24 395
37 133
43 51
37 146
31 221
24 366
27 244
18 483
27 230
36 181
38 81
38 65
18 463
24 384
27 275
36 174
16 483
27 299
34 194
24 396
19 436
38 111
27 258
27 246
33 217
11 492
27 286
27 303
12 490
27 259
19 439
27 268
38 66
11 494
24 399
24 388
38 85
27 293
27 277
38 60
18 452
27 243
32 220
37 148
27 350
38 105
5 494
23 425
36 173
38 79
38 101
36 171
27 339
38 109
34 201
13 487
27 328
38 59
19 444
24 357
27 250
27 321
27 341
23 405
19 440
24 359
38 75
18 457
19 431
37 149
18 472
27 291
37 134
37 125
12 487
24 372
19 433
18 478
37 136
33 212
36 160
18 461
19 448
18 458
46 51
27 331
24 365
34 202
38 54
23 412
24 367
12 491
34 193
18 479
23 411
37 115
18 455
27 312
12 492
27 272
27 330
34 198
38 73
38 82
10 494
23 430
27 311
27 345
27 348
27 227
23 416
27 351
27 237
15 483
27 222
36 162
27 347
38 72
24 397
38 80
47 51
32 221
19 442
27 304
22 430
38 104
27 238
38 67
24 392
19 443
27 282
34 187
24 369
37 132
38 84
6 494
27 352
27 274
27 263
34 206
23 407
34 190
27 332
34 185
24 358
19 432
27 336
38 98
38 99
27 241
38 64
36 175
13 486
13 484
24 380
34 203
27 342
37 117
45 51
33 220
3 494
36 179
24 398
27 324
18 453
23 415
27 344
27 294
23 417
34 182
27 267
23 429
13 483
27 316
24 360
34 184
19 446
27 326
27 270
2 494
37 118
30 221
39 51
38 97
24 381
18 454
48 51
27 233
24 364
38 86
27 323
27 247
36 166
18 450
42 51
23 404
26 353
18 459
34 204
27 226
27 225
27 288
27 257
24 355
27 340
38 107
23 424
38 69
37 135
37 127
49 51
19 449
19 437
18 468
24 368
27 255
24 356
23 406
24 401
27 310
36 164
38 91
12 488
37 144
34 186
27 297
34 199
24 393
18 465
38 110
37 150
34 189
38 61
39 52
34 181
27 252
19 430
24 389
37 139
27 231
34 191
37 137
24 387
33 218
38 112
27 262
38 77
23 402
19 435
27 349
1 494
27 325
23 418
36 177
37 157
23 408
36 180
20 430
24 376
27 249
25 353
37 140
33 214
27 289
19 450
27 329
18 466
19 441
37 120
34 205
37 141
17 483
30 222
33 213
27 265
38 96
12 489
40 51
23 427
34 207
18 464
27 283
27 224
27 253
37 153
34 197
27 334
37 123
19 447
27 306
27 228
23 409
27 266
37 119
37 121
27 313
27 301
38 108
27 314
27 254
38 103
24 402
37 145
27 287
18 477
24 371
27 309
33 210
24 378
24 391
23 403
27 333
38 74
24 363
18 482
34 188
24 394
27 343
27 292
27 260
18 475
38 71
37 151
36 167
37 154
38 55
38 78
38 90
27 278
27 245
24 383
27 240
38 68
37 130
37 138
36 169
36 176
38 93
37 159
27 239
27 235
37 158
34 195
27 302
37 147
27 281
11 493
27 308
4 494
36 178
33 211
27 319
27 305
36 170
27 261
27 279
38 89
19 438
18 473
37 155
25 354
27 317
23 419
27 285
37 113
41 51
36 168
27 234
23 421
37 128
23 413
27 338
37 122
38 88
27 298
38 100
27 346
27 296
24 400
27 223
38 76
24 379
24 362
24 361
38 63
27 256
34 192
27 236
38 83
23 426
27 276
34 208
37 129
33 219
29 222
18 474
18 451
23 422
27 290
27 232
27 269
18 467
25 355
27 284
24 386
38 56
34 196
37 143
18 462
37 126
27 280
24 385
18 481
27 322
44 51
23 420
38 94
18 471
24 390
36 163
27 242
38 57
27 295
27 271
27 327
18 476
19 445
36 161
38 62
38 95
23 428
33 209
34 183
24 370
38 58
34 209
27 307
38 106
38 87
39 53
37 116
27 337
27 335
1 495
18 470
37 142
27 300
19 434
38 53
38 102
24 375
37 112
33 215
8 494
27 353
18 460
40 163
23 414
24 377
37 114
18 480
36 172
