1
1000
866 932
639 866
345 866
817 866
733 866
492 866
530 866
395 866
9 866
53 866
667 866
259 866
317 866
866 966
787 866
866 957
677 866
866 872
600 866
866 895
615 866
866 918
376 866
56 866
601 866
749 866
605 866
866 968
866 874
801 866
587 866
866 905
160 866
283 866
837 866
457 866
513 866
740 866
220 866
866 928
866 929
208 866
107 866
347 866
143 866
866 881
333 866
499 866
716 866
535 866
847 866
406 866
866 907
319 866
526 866
147 866
71 866
85 866
450 866
567 866
866 877
618 866
419 866
195 866
559 866
515 866
866 934
206 866
866 991
471 866
565 866
495 866
793 866
453 866
866 890
866 952
866 899
645 866
619 866
866 900
702 866
651 866
304 866
246 866
765 866
688 866
190 866
201 866
329 866
648 866
352 866
838 866
726 866
445 866
18 866
420 866
866 1000
337 866
443 866
210 866
483 866
281 866
417 866
706 866
67 866
731 866
866 930
866 880
662 866
368 866
834 866
382 866
2 866
561 866
269 866
21 866
249 866
610 866
547 866
866 870
16 866
20 866
169 866
415 866
598 866
366 866
635 866
551 866
120 866
696 866
686 866
859 866
275 866
437 866
94 866
4 866
162 866
122 866
332 866
774 866
237 866
866 938
153 866
166 866
17 866
690 866
433 866
139 866
129 866
212 866
261 866
22 866
247 866
440 866
494 866
240 866
866 990
866 935
866 979
59 866
184 866
132 866
127 866
87 866
799 866
700 866
224 866
374 866
813 866
451 866
810 866
424 866
850 866
866 950
579 866
816 866
866 893
83 866
135 866
52 866
520 866
98 866
302 866
826 866
225 866
866 989
571 866
425 866
239 866
217 866
866 909
300 866
434 866
641 866
866 917
462 866
583 866
421 866
285 866
336 866
866 956
866 931
241 866
828 866
426 866
377 866
455 866
866 948
233 866
608 866
766 866
211 866
767 866
510 866
703 866
800 866
287 866
339 866
148 866
866 898
846 866
378 866
704 866
35 866
13 866
866 886
866 942
369 866
326 866
754 866
745 866
156 866
658 866
344 866
167 866
435 866
689 866
481 866
775 866
718 866
26 866
611 866
866 963
482 866
145 866
251 866
815 866
855 866
653 866
37 866
597 866
866 976
487 866
303 866
542 866
866 987
866 887
198 866
866 975
539 866
735 866
709 866
550 866
209 866
264 866
423 866
478 866
75 866
722 866
866 892
734 866
496 866
866 910
398 866
663 866
750 866
866 951
638 866
313 866
866 896
866 873
386 866
461 866
866 903
809 866
730 866
88 866
866 954
262 866
546 866
257 866
866 986
404 866
464 866
741 866
44 866
866 921
646 866
732 866
866 978
293 866
599 866
307 866
277 866
725 866
589 866
3 866
743 866
159 866
318 866
84 866
66 866
633 866
796 866
554 866
779 866
549 866
61 866
508 866
124 866
701 866
746 866
484 866
586 866
256 866
521 866
284 866
776 866
192 866
659 866
154 866
729 866
367 866
755 866
507 866
866 894
463 866
866 882
469 866
783 866
804 866
866 981
407 866
110 866
757 866
399 866
614 866
806 866
671 866
573 866
866 995
866 911
207 866
803 866
794 866
676 866
142 866
698 866
161 866
397 866
656 866
245 866
866 960
140 866
203 866
38 866
472 866
101 866
724 866
268 866
866 997
62 866
320 866
866 923
468 866
409 866
391 866
544 866
620 866
151 866
213 866
99 866
812 866
11 866
538 866
843 866
572 866
301 866
427 866
290 866
274 866
286 866
164 866
866 879
866 883
517 866
866 941
649 866
866 955
721 866
310 866
234 866
866 961
594 866
412 866
581 866
524 866
401 866
866 919
467 866
411 866
436 866
199 866
222 866
866 973
46 866
661 866
405 866
80 866
134 866
866 901
866 912
402 866
338 866
568 866
442 866
728 866
563 866
866 988
266 866
672 866
866 939
219 866
180 866
137 866
49 866
555 866
654 866
295 866
607 866
14 866
93 866
844 866
383 866
34 866
236 866
628 866
226 866
503 866
848 866
498 866
578 866
168 866
655 866
491 866
627 866
144 866
150 866
78 866
232 866
25 866
387 866
45 866
452 866
866 945
364 866
836 866
60 866
858 866
473 866
866 977
265 866
807 866
218 866
372 866
630 866
73 866
580 866
289 866
354 866
522 866
361 866
866 996
353 866
1 866
577 866
375 866
79 866
114 866
712 866
422 866
866 944
866 885
853 866
299 866
30 866
214 866
490 866
506 866
414 866
699 866
866 915
96 866
623 866
866 897
72 866
786 866
802 866
511 866
358 866
819 866
797 866
388 866
553 866
693 866
778 866
103 866
866 980
822 866
866 920
708 866
835 866
697 866
288 866
228 866
177 866
744 866
823 866
43 866
146 866
396 866
682 866
170 866
174 866
175 866
747 866
866 878
74 866
866 965
781 866
556 866
76 866
47 866
825 866
194 866
710 866
784 866
191 866
157 866
350 866
695 866
68 866
866 982
342 866
616 866
309 866
325 866
675 866
215 866
429 866
866 868
764 866
97 866
8 866
113 866
830 866
104 866
761 866
866 925
459 866
39 866
711 866
23 866
866 971
533 866
664 866
519 866
250 866
866 992
866 994
92 866
622 866
569 866
866 914
523 866
798 866
253 866
243 866
584 866
128 866
541 866
334 866
788 866
413 866
527 866
136 866
229 866
552 866
466 866
403 866
447 866
737 866
296 866
833 866
138 866
6 866
683 866
603 866
418 866
791 866
373 866
126 866
171 866
691 866
866 869
866 949
742 866
543 866
669 866
866 983
343 866
727 866
650 866
322 866
790 866
278 866
486 866
454 866
575 866
763 866
863 866
292 866
316 866
111 866
782 866
780 866
371 866
102 866
657 866
116 866
477 866
460 866
476 866
155 866
205 866
652 866
27 866
831 866
115 866
163 866
832 866
592 866
258 866
158 866
509 866
221 866
109 866
393 866
238 866
263 866
714 866
862 866
502 866
866 922
636 866
811 866
340 866
81 866
173 866
321 866
117 866
123 866
777 866
762 866
33 866
866 871
795 866
566 866
545 866
769 866
678 866
392 866
108 866
149 866
866 998
692 866
827 866
866 876
231 866
449 866
118 866
866 984
866 916
389 866
629 866
485 866
176 866
640 866
89 866
438 866
866 972
821 866
668 866
10 866
51 866
193 866
557 866
328 866
866 947
36 866
297 866
28 866
748 866
839 866
381 866
665 866
69 866
308 866
489 866
444 866
227 866
860 866
856 866
631 866
866 888
713 866
760 866
77 866
528 866
365 866
516 866
845 866
596 866
585 866
356 866
852 866
306 866
660 866
480 866
223 866
65 866
851 866
432 866
370 866
5 866
500 866
820 866
133 866
187 866
349 866
514 866
564 866
626 866
604 866
536 866
681 866
773 866
785 866
267 866
736 866
141 866
488 866
805 866
866 926
331 866
298 866
866 904
230 866
857 866
400 866
165 866
359 866
121 866
866 906
621 866
456 866
270 866
540 866
50 866
590 866
216 866
606 866
439 866
854 866
106 866
756 866
54 866
12 866
866 891
529 866
327 866
273 866
408 866
644 866
758 866
866 933
866 927
818 866
694 866
130 866
182 866
341 866
576 866
753 866
518 866
637 866
532 866
282 866
48 866
29 866
19 866
90 866
248 866
759 866
394 866
314 866
680 866
717 866
789 866
430 866
751 866
311 866
185 866
849 866
363 866
705 866
64 866
255 866
814 866
866 913
42 866
346 866
771 866
58 866
534 866
866 889
609 866
866 964
632 866
866 884
548 866
465 866
625 866
41 866
866 970
866 940
634 866
588 866
642 866
15 866
470 866
593 866
380 866
312 866
379 866
179 866
315 866
82 866
841 866
562 866
866 936
280 866
866 962
40 866
864 866
294 866
125 866
624 866
323 866
866 902
824 866
866 943
866 958
560 866
271 866
174 979
866 946
200 866
91 866
617 866
525 866
7 866
613 866
324 866
390 866
196 866
254 866
32 866
242 866
504 866
612 866
252 866
260 866
558 866
866 908
738 866
674 866
602 866
362 866
357 866
866 985
183 866
416 866
866 953
152 866
235 866
475 866
186 866
131 866
772 866
448 866
360 866
866 937
582 866
643 866
178 866
305 866
684 866
770 866
428 866
866 959
707 866
866 999
202 866
410 866
441 866
666 866
687 866
24 866
197 866
493 866
512 866
474 866
719 866
752 866
501 866
335 866
355 866
866 967
840 866
866 974
70 866
446 866
829 866
768 866
808 866
181 866
100 866
866 924
55 866
63 866
647 866
866 969
685 866
531 866
479 866
723 866
330 866
272 866
86 866
57 866
276 866
670 866
95 866
591 866
537 866
348 866
866 875
673 866
715 866
204 866
842 866
861 866
105 866
679 866
119 866
574 866
720 866
279 866
497 866
189 866
792 866
570 866
595 866
244 866
739 866
188 866
866 993
384 866
385 866
458 866
505 866
351 866
31 866
291 866
172 866
431 866
112 866
