1
1000
103 595
217 481
271 427
737 961
282 415
256 442
90 608
172 525
178 519
73 625
40 658
825 872
176 522
716 982
319 378
38 660
198 499
234 463
321 377
807 890
783 914
12 685
136 562
744 953
111 586
737 960
261 437
131 566
299 399
735 963
195 503
799 898
289 409
190 507
61 636
794 903
216 482
161 536
765 932
170 528
168 530
710 987
51 647
821 876
280 418
806 891
126 572
113 585
847 851
108 590
799 899
45 652
39 659
9 689
102 596
724 973
281 416
810 888
698 999
71 626
229 468
704 994
20 678
58 640
340 357
91 607
168 529
64 633
95 602
109 589
31 666
246 452
823 875
835 862
22 675
842 856
773 925
194 503
225 472
767 930
30 668
76 621
338 359
727 970
172 526
298 400
112 585
700 998
329 368
235 462
72 626
814 884
19 679
20 677
780 918
117 580
130 568
273 425
106 592
34 663
195 502
748 950
295 402
243 454
255 443
830 867
842 855
41 656
822 875
192 506
134 564
810 887
149 549
332 366
275 422
6 691
829 868
127 570
754 943
146 552
42 656
305 392
734 963
758 940
37 661
233 464
796 901
258 439
252 445
156 541
813 885
749 949
240 457
211 486
323 375
717 980
707 991
833 865
249 448
101 596
39 658
770 928
759 939
808 889
66 632
251 446
34 664
343 354
125 572
751 947
250 447
271 426
69 628
323 374
279 419
802 895
209 488
17 681
167 530
164 534
713 984
85 613
291 406
813 884
33 665
755 943
74 623
820 878
786 912
181 517
804 893
248 450
846 851
55 643
701 996
186 511
698 1000
84 614
840 857
5 693
702 996
774 924
111 587
109 588
733 965
115 582
252 446
731 967
115 583
86 612
112 586
266 432
759 938
746 951
791 906
734 964
235 463
184 513
840 858
4 693
136 561
279 418
290 407
792 906
834 864
272 426
725 973
275 423
140 558
133 564
782 916
159 539
128 569
40 657
232 466
49 649
183 515
248 449
730 968
321 376
699 999
223 474
207 490
797 901
824 874
284 414
806 892
340 358
148 549
142 556
295 403
740 957
838 859
738 959
812 886
158 540
800 897
76 622
341 357
795 902
62 635
45 653
35 662
286 411
120 578
776 921
309 389
727 971
96 602
205 493
132 565
305 393
829 869
833 864
844 854
247 450
5 692
264 433
312 386
270 427
292 405
199 498
793 905
284 413
749 948
147 550
170 527
41 657
767 931
709 988
193 504
722 975
269 428
233 465
128 570
97 600
766 932
2 696
18 679
110 588
15 683
162 536
253 445
44 653
343 355
219 479
57 640
91 606
795 903
760 937
4 694
104 593
47 650
811 887
10 688
786 911
268 429
722 976
200 497
121 576
144 554
250 448
272 425
314 383
79 618
771 926
135 563
327 370
93 604
283 415
721 977
292 406
267 430
244 454
108 589
203 494
66 631
703 995
78 620
237 460
234 464
274 423
258 440
213 484
754 944
225 473
287 410
83 614
726 972
187 510
839 859
122 576
338 360
178 520
832 866
699 998
75 623
169 528
177 521
140 557
59 639
845 852
154 543
123 575
731 966
94 604
99 599
777 920
239 458
137 561
803 894
114 583
24 673
346 352
306 392
36 662
241 457
105 592
158 539
155 543
90 607
196 502
745 952
173 524
131 567
818 879
844 853
145 553
148 550
732 966
733 964
724 974
262 436
208 490
72 625
843 854
816 881
290 408
712 985
342 356
820 877
762 936
720 978
322 376
163 534
720 977
13 685
335 362
121 577
781 917
318 379
313 384
265 432
247 451
209 489
326 372
797 900
165 533
836 862
790 908
179 518
710 988
846 852
241 456
187 511
186 512
730 967
81 617
18 680
304 393
70 628
821 877
845 853
331 366
223 475
769 929
269 429
262 435
125 573
822 876
705 992
229 469
831 866
157 541
742 955
191 507
264 434
3 694
61 637
86 611
802 896
783 915
155 542
304 394
341 356
805 893
37 660
702 995
180 517
835 863
57 641
221 476
831 867
226 471
55 642
46 652
775 922
725 972
190 508
184 514
152 545
307 391
197 501
144 553
95 603
43 655
203 495
151 546
28 669
92 606
319 379
285 412
260 438
828 869
796 902
711 987
116 581
188 510
800 898
342 355
307 390
784 913
301 397
735 962
788 910
294 403
817 880
68 629
22 676
785 913
2 695
804 894
182 515
277 420
293 405
263 435
101 597
333 365
159 538
789 908
183 514
127 571
197 500
68 630
314 384
147 551
65 633
348 350
781 916
285 413
185 512
309 388
243 455
297 401
764 933
166 532
328 370
215 483
113 584
152 546
743 954
173 525
83 615
53 645
756 941
848 850
60 638
207 491
85 612
75 622
787 910
763 934
303 395
297 400
201 497
347 350
141 556
328 369
313 385
48 650
708 990
151 547
803 895
308 390
193 505
63 635
30 667
242 456
135 562
729 968
202 496
58 639
17 680
25 672
823 874
87 610
176 521
306 391
303 394
785 912
175 523
110 587
236 462
773 924
1 697
189 509
717 981
134 563
766 931
81 616
33 664
302 396
758 939
760 938
744 954
708 989
736 962
334 364
809 888
327 371
221 477
259 439
826 872
204 494
27 671
227 471
19 678
227 470
752 945
26 671
201 496
67 630
839 858
257 440
329 369
47 651
123 574
299 398
56 641
107 590
36 661
715 982
704 993
52 645
32 666
281 417
728 969
789 909
205 492
80 618
182 516
149 548
26 672
298 399
712 986
162 535
164 533
224 473
828 870
815 883
50 647
345 352
71 627
63 634
50 648
296 402
114 584
217 480
259 438
336 361
192 505
819 879
324 373
332 365
139 558
294 404
97 601
728 970
7 691
705 993
726 971
772 926
253 444
124 573
268 430
194 504
231 466
841 857
191 506
188 509
707 990
240 458
763 935
104 594
62 636
787 911
16 681
105 593
772 925
116 582
53 644
214 484
805 892
300 398
809 889
44 654
273 424
752 946
337 360
15 682
261 436
838 860
697 1000
9 688
238 459
12 686
325 373
330 367
78 619
282 416
732 965
711 986
129 568
280 417
64 634
345 353
344 354
119 579
79 619
714 983
84 613
302 395
212 486
38 659
199 499
143 554
29 669
222 476
145 552
185 513
171 526
762 935
263 434
825 873
196 501
216 481
739 959
42 655
739 958
339 359
118 580
92 605
719 978
119 578
716 981
325 372
777 921
222 475
256 441
276 422
10 687
89 609
6 692
130 567
161 537
834 863
153 544
312 385
65 632
94 603
330 368
11 686
729 969
8 689
847 850
52 646
266 431
287 411
779 918
753 944
49 648
29 668
14 684
761 937
80 617
346 351
741 957
13 684
231 467
310 387
117 581
43 654
153 545
743 955
291 407
96 601
750 947
293 404
324 374
180 518
138 559
723 975
157 540
150 548
124 574
468 531
156 542
88 610
244 453
700 997
212 485
798 899
48 649
286 412
204 493
322 375
756 942
255 442
713 985
98 599
59 638
765 933
701 997
31 667
166 531
837 860
703 994
206 491
826 871
841 856
816 882
793 904
837 861
254 443
69 629
200 498
138 560
755 942
265 433
316 382
142 555
757 941
82 616
154 544
21 677
784 914
73 624
318 380
334 363
171 527
210 488
723 974
11 687
790 907
100 598
189 508
741 956
709 989
812 885
748 949
51 646
780 917
267 431
808 890
160 537
721 976
210 487
814 883
832 865
276 421
245 452
742 956
315 382
56 642
819 878
715 983
35 663
311 387
54 644
277 421
320 377
768 929
102 595
25 673
753 945
67 631
260 437
242 455
331 367
107 591
236 461
230 467
228 470
32 665
251 447
87 611
220 478
181 516
289 408
278 420
82 615
1 696
827 870
228 469
801 896
98 600
300 397
779 919
801 897
807 891
23 675
719 979
175 522
301 396
317 381
237 461
230 468
132 566
311 386
174 524
308 389
751 946
137 560
288 410
239 459
714 984
296 401
103 594
249 449
792 905
747 950
738 960
257 441
740 958
750 948
326 371
317 380
788 909
811 886
16 682
747 951
146 551
764 934
776 922
316 381
771 927
122 575
817 881
310 388
815 882
344 353
88 609
770 927
167 531
824 873
836 861
3 695
830 868
706 992
746 952
208 489
254 444
718 979
337 361
177 520
278 419
24 674
160 538
761 936
118 579
211 487
60 637
7 690
70 627
129 569
843 855
226 472
165 532
339 358
336 362
198 500
224 474
93 605
139 559
778 919
736 961
133 565
768 930
232 465
174 523
782 915
769 928
143 555
106 591
219 478
757 940
179 519
202 495
745 953
214 483
774 923
246 451
89 608
218 479
335 363
163 535
21 676
818 880
288 409
120 577
798 900
218 480
347 351
220 477
54 643
14 683
206 492
270 428
794 904
775 923
46 651
100 597
215 482
333 364
126 571
827 871
274 424
150 547
77 620
283 414
706 991
169 529
27 670
718 980
778 920
77 621
23 674
245 453
320 378
8 690
238 460
74 624
213 485
141 557
99 598
315 383
791 907
28 670
