1
631
195 587
305 494
182 616
315 456
305 495
291 515
193 606
195 586
305 470
305 482
124 627
141 627
367 410
367 420
368 402
65 629
292 509
66 629
245 555
305 463
131 627
359 429
305 483
78 628
106 627
197 581
165 627
113 627
371 396
56 629
367 427
199 563
376 390
69 629
288 545
138 627
52 629
303 502
167 627
116 627
270 547
302 502
197 572
182 624
195 589
353 433
75 628
148 627
282 545
9 630
305 472
153 627
8 630
289 540
291 537
129 627
338 436
32 629
147 627
305 480
182 625
190 606
186 607
179 627
305 468
136 627
377 389
195 583
79 627
291 512
234 555
380 389
50 629
305 479
134 627
271 545
182 623
308 456
348 436
256 551
156 627
93 627
278 545
82 627
281 545
385 389
37 629
305 491
185 611
140 627
111 627
324 447
366 429
248 555
305 466
339 436
39 629
195 595
323 456
94 627
247 555
70 629
178 627
198 568
225 555
305 462
285 545
310 456
324 444
182 622
331 437
10 630
249 555
265 548
40 629
92 627
122 627
288 542
182 621
305 460
71 628
150 627
291 516
299 505
80 627
77 628
305 478
155 627
291 527
206 555
324 452
38 629
115 627
372 396
1 630
291 533
355 433
160 627
291 520
367 414
254 551
367 418
291 530
288 544
453 513
252 555
189 606
201 560
367 422
212 555
117 627
67 629
301 502
355 429
218 555
367 404
197 568
205 555
345 436
376 393
195 593
108 627
214 555
367 415
299 506
384 389
244 555
230 555
262 549
365 429
368 400
196 582
300 505
102 627
145 627
242 555
289 539
194 597
166 627
19 630
18 630
49 629
16 630
268 547
172 627
197 577
324 449
262 550
367 419
279 545
324 439
305 484
251 555
291 531
309 456
290 537
261 551
291 517
90 627
135 627
291 534
193 603
250 555
197 575
326 438
186 610
57 629
185 615
104 627
241 555
223 555
169 627
157 627
305 461
240 555
27 629
367 413
112 627
367 403
360 429
354 433
324 454
13 630
61 629
168 627
292 512
356 429
370 397
291 526
324 455
347 436
305 477
255 551
188 606
73 628
367 408
142 627
276 545
305 476
367 416
139 627
43 629
88 627
98 627
305 489
195 592
336 436
105 627
372 394
367 424
363 429
376 391
44 629
305 490
252 551
235 555
68 629
151 627
305 469
305 475
195 596
197 578
305 496
307 456
320 456
173 627
228 555
376 392
195 585
277 545
182 618
291 535
305 497
199 566
232 555
341 436
143 627
152 627
294 507
263 548
181 627
30 629
175 627
355 430
259 551
222 555
335 436
103 627
199 564
329 438
333 436
304 500
126 627
238 555
381 389
291 532
367 425
46 629
324 448
291 524
201 561
358 429
164 627
305 457
202 556
193 601
289 542
379 389
201 562
5 630
204 555
83 627
314 456
330 438
193 598
284 545
243 555
186 611
159 627
383 389
367 409
186 609
6 630
291 513
220 555
84 627
367 406
118 627
7 630
193 605
42 629
361 429
197 569
291 519
14 630
23 630
109 627
162 627
197 574
272 545
193 602
35 629
233 555
185 613
182 619
305 474
319 456
201 557
289 541
144 627
128 627
271 546
12 630
305 492
378 389
195 584
99 627
269 547
262 551
322 456
154 627
323 455
55 629
119 627
60 629
350 434
266 548
146 627
275 545
199 565
96 627
161 627
71 629
267 547
51 629
197 582
26 630
325 438
221 555
362 429
376 389
324 450
292 511
324 442
367 421
114 627
328 438
203 555
305 467
21 630
291 523
305 488
29 629
300 504
231 555
332 437
324 443
258 551
324 453
305 464
97 627
45 629
327 438
342 436
368 399
305 459
305 487
201 559
304 501
264 548
252 554
107 627
324 446
63 629
355 431
76 628
182 617
367 411
171 627
367 405
257 551
208 555
291 536
305 499
227 555
24 630
100 627
186 608
324 440
324 445
367 407
373 394
110 627
195 597
174 627
352 434
188 607
197 576
62 629
184 615
197 571
182 626
305 465
305 473
17 630
333 437
193 597
291 514
368 398
369 397
195 594
207 555
296 507
20 630
201 563
163 627
47 629
375 394
283 545
133 627
183 615
25 630
271 547
292 510
298 507
3 630
137 627
217 555
28 629
289 538
367 426
182 620
292 508
36 629
301 504
305 486
318 456
349 434
317 456
349 436
331 438
376 394
297 507
367 412
382 389
193 604
344 436
197 570
64 629
2 630
210 555
213 555
295 507
291 522
351 434
304 502
132 627
299 507
252 553
191 606
101 627
120 627
237 555
367 417
26 629
123 627
305 481
367 428
87 627
158 627
288 543
353 434
260 551
185 612
53 629
193 600
291 518
313 456
149 627
4 630
305 498
301 503
201 556
274 545
187 607
355 432
95 627
369 398
125 627
312 456
367 423
202 555
305 500
287 545
34 629
374 394
367 402
226 555
305 471
127 627
197 580
89 627
193 599
357 429
201 558
195 588
252 552
236 555
291 528
334 436
293 507
176 627
219 555
197 573
72 628
198 567
177 627
324 438
346 436
185 614
216 555
387 389
59 629
211 555
195 590
253 551
86 627
286 545
195 591
130 627
368 401
200 563
289 537
321 456
15 630
58 629
215 555
180 627
170 627
291 521
340 436
81 627
229 555
367 429
372 395
48 629
305 456
292 507
364 429
324 441
85 627
311 456
121 627
306 456
239 555
182 615
343 436
263 549
316 456
386 389
11 630
22 630
291 529
224 555
182 627
280 545
337 436
198 566
91 627
371 397
41 629
246 555
209 555
291 525
305 493
31 629
74 628
195 582
33 629
349 435
305 485
266 547
305 458
192 606
54 629
197 579
78 627
324 451
273 545
