1
491
339 448
317 470
39 256
322 464
93 202
121 175
375 412
303 484
110 185
70 225
386 401
115 181
102 194
82 214
379 407
362 425
41 255
117 179
65 231
305 481
359 427
52 243
86 209
74 221
391 396
72 223
64 232
72 224
335 451
31 265
9 286
16 279
360 427
142 154
300 487
63 232
111 185
39 257
114 182
84 211
44 251
123 172
350 437
51 244
58 238
327 460
59 236
8 287
17 279
126 170
343 443
47 249
53 242
341 446
67 228
144 151
28 268
76 220
106 190
366 420
296 490
385 401
10 285
101 195
102 193
118 178
302 485
355 431
81 215
108 187
347 439
115 180
52 244
307 479
326 460
40 256
108 188
4 291
379 408
47 248
36 260
17 278
18 278
368 419
20 275
126 169
139 156
93 203
366 421
19 276
5 291
60 236
377 409
374 413
356 431
1 295
340 446
46 250
390 396
96 199
380 407
2 294
23 65
42 254
62 233
68 228
87 208
89 207
315 471
301 485
11 285
38 257
112 183
389 398
89 206
354 432
20 276
78 218
358 428
103 193
15 280
57 238
9 287
28 267
324 462
56 240
377 410
32 263
363 423
66 229
118 177
131 164
323 464
391 395
71 224
43 252
325 462
55 241
105 191
90 206
97 199
369 418
310 476
92 203
111 184
113 183
26 269
7 289
54 242
62 234
134 161
18 277
83 213
369 417
48 248
331 455
376 410
119 176
25 271
339 447
367 419
334 452
77 218
302 484
69 227
105 190
122 173
319 468
21 274
356 430
343 444
143 153
311 476
41 254
382 404
101 194
123 173
95 201
104 192
351 436
353 434
5 290
58 237
354 433
352 435
333 454
69 226
359 428
6 290
388 398
3 292
32 264
365 422
21 275
342 444
27 268
83 212
45 251
100 196
139 157
112 184
129 166
103 192
140 155
24 271
61 234
308 479
374 412
329 457
81 214
370 417
117 178
371 416
99 197
384 402
352 434
29 266
128 167
390 397
135 160
137 158
133 162
304 483
64 231
49 246
143 152
318 469
138 157
37 259
146 149
300 486
370 416
109 187
349 438
372 415
67 229
109 186
73 222
330 456
323 463
73 223
60 235
376 411
324 463
34 261
305 482
311 475
49 247
4 292
14 282
33 263
321 465
30 266
383 403
87 209
16 280
328 458
124 171
306 480
48 247
54 241
133 163
120 175
34 262
125 171
23 272
328 459
137 159
363 424
361 425
316 471
307 480
382 405
120 176
94 202
141 154
127 169
313 474
389 397
296 491
86 210
113 182
75 221
314 472
301 486
313 473
346 441
55 240
387 399
37 258
388 399
76 219
315 472
51 245
6 289
91 205
375 411
392 394
127 168
88 208
381 405
116 179
372 414
383 404
95 200
358 429
381 406
27 269
312 474
66 230
368 418
386 400
71 225
10 286
317 469
312 475
24 272
325 461
145 150
332 454
299 488
70 226
295 491
309 478
346 440
348 438
384 403
338 448
65 230
361 426
332 455
331 456
35 261
342 445
12 283
98 198
308 478
22 274
30 265
334 453
11 284
107 188
106 189
43 253
15 281
13 283
365 421
88 207
110 186
314 473
116 180
80 215
344 443
310 477
125 170
138 158
7 288
378 409
90 205
340 447
33 262
392 395
336 450
337 450
329 458
50 246
357 429
345 441
367 420
129 167
132 163
371 415
299 487
132 164
107 189
26 270
134 162
2 293
373 414
135 161
378 408
319 467
380 406
348 439
119 177
22 273
304 482
338 449
130 166
79 216
303 483
140 156
91 204
14 281
23 273
131 165
351 435
50 245
373 413
144 152
85 211
68 227
13 282
53 243
99 196
35 260
306 481
1 294
298 489
63 233
141 155
114 181
350 436
349 437
385 402
344 442
85 210
57 239
345 442
130 165
104 191
136 160
333 453
40 255
38 258
364 422
322 465
320 467
327 459
335 452
92 204
36 259
145 151
146 150
42 253
56 239
297 489
75 220
347 440
355 432
100 195
360 426
3 293
341 445
297 490
97 198
46 249
122 174
8 288
79 217
309 477
330 457
84 212
320 466
74 222
78 217
336 451
321 466
364 423
96 200
80 216
387 400
316 470
124 172
298 488
136 159
121 174
44 252
98 197
82 213
326 461
318 468
29 267
147 149
19 277
362 424
59 237
45 250
77 219
353 433
142 153
94 201
12 284
357 430
337 449
25 270
61 235
31 264
128 168
